R_Bohr           v_0_0_0_0             v_0_0_2_2             v_0_0_4_4             v_1_0_0_1             v_1_0_2_1             v_1_0_2_2             v_1_0_2_3             v_2_0_0_2             v_2_0_2_0             v_2_0_2_1             v_2_0_2_2             v_2_0_2_3             v_2_0_2_4             v_3_0_0_3             v_3_0_2_1             v_3_0_2_2             v_3_0_2_3             v_3_0_2_4             v_3_0_2_5             v_3_3_0_3             v_3_3_2_1             v_3_3_2_2             v_3_3_2_3             v_3_3_2_4             v_3_3_2_5             v_4_0_0_4             v_4_0_2_2             v_4_0_2_3             v_4_0_2_4             v_4_0_2_5             v_4_0_2_6             v_4_3_0_4             v_4_3_2_2             v_4_3_2_3             v_4_3_2_4             v_4_3_2_5             v_4_3_2_6   
  8.56 -0.321766249172E+03   -0.206048275547E+02   -0.491251290862E+00   -0.477360454968E+01   -0.279892486978E+00    0.000000000000E+00   -0.144142227948E+03    0.265929589380E+01   -0.376202187796E-02    0.159577436915E-14   -0.889419827669E+00   -0.995172463414E-15   -0.117964194289E+03   -0.116025569972E+02   -0.131461380228E+00    0.217067808490E-15    0.575759974016E-01   -0.205112454854E-15    0.133467994131E+02    0.975187297990E+01    0.106720607798E+00    0.608504140129E-01   -0.112338878935E+00    0.119023502293E+00   -0.253647624009E+02   -0.162187615762E+01    0.236858829167E+00    0.308381932912E-16    0.406288592877E-01    0.230665363621E-15    0.377824694911E+01   -0.254226611346E+01   -0.101699318115E-01    0.146771024309E-02   -0.668212757486E-02   -0.110982196934E-01    0.675728508350E+01   
  8.81 -0.272061597493E+03   -0.172441627462E+02   -0.411970457623E+00   -0.380768744014E+01   -0.223952987849E+00    0.000000000000E+00   -0.128299216571E+03    0.295892681915E+00   -0.248225684407E-01    0.139243108500E-14   -0.689883788286E+00   -0.865274309571E-15   -0.102038932019E+03   -0.998590813204E+01   -0.136629705707E+00    0.182343562308E-15    0.651860829664E-01   -0.168378250610E-15    0.112772165713E+02    0.835357184439E+01    0.109099002780E+00    0.587272686938E-01   -0.114107219588E+00    0.964391867435E-01   -0.213452570654E+02   -0.117901495873E+01    0.192486309701E+00    0.257799094699E-16    0.318104550894E-01    0.200896571890E-15    0.309723871024E+01   -0.220646416742E+01   -0.189962148509E-01    0.125546962967E-01    0.316561574990E-02   -0.871955864124E-02    0.552170878222E+01   
  9.06 -0.229809582043E+03   -0.143919291103E+02   -0.343172591771E+00   -0.312690774095E+01   -0.172357541971E+00    0.000000000000E+00   -0.114592010615E+03   -0.113810575173E+01   -0.450953596012E-01    0.122104437145E-14   -0.535684041074E+00   -0.757081876007E-15   -0.886325750975E+02   -0.846882303959E+01   -0.128836798310E+00    0.152046483672E-15    0.571086251793E-01   -0.137924036066E-15    0.959216793249E+01    0.701717463719E+01    0.101154931142E+00    0.545522224511E-01   -0.102381320054E+00    0.781922676374E-01   -0.180697219031E+02   -0.858203006623E+00    0.148494809947E+00    0.210061988236E-16    0.243901372260E-01    0.175414026575E-15    0.255614316936E+01   -0.186956938167E+01   -0.204394265586E-01    0.174524983308E-01    0.534007731862E-02   -0.843158497369E-02    0.454580468473E+01   
  9.32 -0.194225030650E+03   -0.120046057343E+02   -0.282949446932E+00   -0.262049852283E+01   -0.131220511278E+00    0.000000000000E+00   -0.102666091949E+03   -0.194855948206E+01   -0.608884161702E-01    0.107572728678E-14   -0.424062526493E+00   -0.666048666219E-15   -0.772752854353E+02   -0.712297390420E+01   -0.115357847735E+00    0.126224436885E-15    0.474824088485E-01   -0.112824387799E-15    0.820366695104E+01    0.583025669376E+01    0.870356115834E-01    0.504443960704E-01   -0.879958365866E-01    0.649967468388E-01   -0.153716870065E+02   -0.623528484055E+00    0.109333169125E+00    0.167563387134E-16    0.203062447988E-01    0.153508833583E-15    0.211883065334E+01   -0.156178381135E+01   -0.176841797538E-01    0.213006278361E-01    0.209643022403E-02   -0.103049902984E-01    0.376519114205E+01   
  9.57 -0.164408468268E+03   -0.100204159399E+02   -0.231567632993E+00   -0.223904085330E+01   -0.995163131892E-01    0.000000000000E+00   -0.922574089406E+02   -0.234109648864E+01   -0.696562617981E-01    0.951558759696E-15   -0.342516232734E+00   -0.588726493908E-15   -0.676201629505E+02   -0.595744406909E+01   -0.999524501048E-01    0.104500446100E-15    0.371689423946E-01   -0.922456320454E-16    0.704996302665E+01    0.480729715082E+01    0.724093891004E-01    0.456896529683E-01   -0.738559493145E-01    0.544400801491E-01   -0.131379424234E+02   -0.454794629867E+00    0.766457340064E-01    0.130957455734E-16    0.171590820478E-01    0.134701212587E-15    0.176557645389E+01   -0.129031713955E+01   -0.136105482263E-01    0.231769208945E-01   -0.196431061925E-02   -0.125598776793E-01    0.313682278347E+01   
  9.82 -0.139477890860E+03   -0.837823536363E+01   -0.188451869210E+00   -0.193797195840E+01   -0.748564793051E-01    0.000000000000E+00   -0.831335264349E+02   -0.247075674442E+01   -0.715005369910E-01    0.844528383586E-15   -0.280467342196E+00   -0.522336906443E-15   -0.593712758668E+02   -0.496905633553E+01   -0.850288779696E-01    0.863969153147E-16    0.270756838560E-01   -0.753986334838E-16    0.608208405509E+01    0.394631929676E+01    0.604378943044E-01    0.401370818996E-01   -0.613865775201E-01    0.454969279140E-01   -0.112749758563E+02   -0.332967860010E+00    0.507712733923E-01    0.100246777242E-16    0.142548452072E-01    0.118529362844E-15    0.147747117849E+01   -0.105749647254E+01   -0.985296052983E-02    0.227855559470E-01   -0.445270233796E-02   -0.142933148160E-01    0.262628605752E+01   
 10.08 -0.118622476912E+03   -0.702309088831E+01   -0.151954572952E+00   -0.170128278055E+01   -0.564392313547E-01    0.000000000000E+00   -0.751073543507E+02   -0.244168438219E+01   -0.688876387537E-01    0.751780337792E-15   -0.232478506551E+00   -0.464959840741E-15   -0.522922250682E+02   -0.413687048454E+01   -0.712519958648E-01    0.713667935782E-16    0.187431834769E-01   -0.616008938152E-16    0.526198806707E+01    0.323143594589E+01    0.506138275304E-01    0.346543310052E-01   -0.508378172194E-01    0.376653412283E-01   -0.971108102479E+01   -0.244778320292E+00    0.313759281364E-01    0.748699807167E-17    0.115997209983E-01    0.104546235088E-15    0.124173311360E+01   -0.861760524593E+00   -0.656306598444E-02    0.212644199986E-01   -0.597749608871E-02   -0.151158286449E-01    0.220738979473E+01   
 10.33 -0.101153730057E+03   -0.590309204862E+01   -0.120789835671E+00   -0.149124835559E+01   -0.435089620711E-01    0.000000000000E+00   -0.680151632244E+02   -0.232620961238E+01   -0.639620862366E-01    0.671072553787E-15   -0.195246377985E+00   -0.415056998724E-15   -0.461879410605E+02   -0.344481779295E+01   -0.592268753584E-01    0.589386094742E-16    0.125958584775E-01   -0.502699787299E-16    0.456647808087E+01    0.264469544672E+01    0.424270595043E-01    0.297923989419E-01   -0.422619575776E-01    0.317310589390E-01   -0.839025883616E+01   -0.179199298853E+00    0.175501719054E-01    0.541744543643E-17    0.956041381982E-02    0.924093462776E-16    0.104618309241E+01   -0.700451396806E+00   -0.375489271840E-02    0.194194638221E-01   -0.714213581867E-02   -0.153038842525E-01    0.186171640715E+01   
 10.58 -0.865703746474E+02   -0.498060337251E+01   -0.945119942310E-01   -0.130235299581E+01   -0.353430754325E-01    0.000000000000E+00   -0.617439066202E+02   -0.215240257134E+01   -0.574997805600E-01    0.600820391950E-15   -0.166808942997E+00   -0.371625231828E-15   -0.409244866898E+02   -0.287406020895E+01   -0.489822463325E-01    0.487244972430E-16    0.812508416646E-02   -0.410181176558E-16    0.397900019796E+01    0.216759108668E+01    0.357186026308E-01    0.255307173070E-01   -0.353190261044E-01    0.273591456102E-01   -0.727639864699E+01   -0.131907058372E+00    0.807026453588E-02    0.374914909015E-17    0.797620257364E-02    0.818785269692E-16    0.885001676305E+00   -0.568919200614E+00   -0.143735319403E-02    0.174032164890E-01   -0.795055044942E-02   -0.149009980186E-01    0.157759753706E+01   
 10.84 -0.743940836800E+02   -0.422297917646E+01   -0.728888012777E-01   -0.114401656206E+01   -0.300321791161E-01    0.000000000000E+00   -0.561907463400E+02   -0.194802145100E+01   -0.502768902064E-01    0.539490268464E-15   -0.144330276984E+00   -0.333722136936E-15   -0.363784240821E+02   -0.240387523466E+01   -0.404674411481E-01    0.403435602830E-16    0.523312742750E-02   -0.334819376637E-16    0.347930690203E+01    0.178165346787E+01    0.303381112187E-01    0.217881837305E-01   -0.297170846987E-01    0.237096979466E-01   -0.633521800276E+01   -0.987548436147E-01    0.176667076345E-02    0.241880312030E-17    0.668699890322E-02    0.727331389992E-16    0.752512029661E+00   -0.462269091272E+00    0.356439496133E-03    0.153236697811E-01   -0.830447219728E-02   -0.139650927512E-01    0.134332692977E+01   
 11.09 -0.641502375473E+02   -0.359732243664E+01   -0.556719066956E-01   -0.102209461373E+01   -0.257244926140E-01    0.000000000000E+00   -0.512522416034E+02   -0.174189426097E+01   -0.430937285802E-01    0.485566239478E-15   -0.125052918902E+00   -0.300410092193E-15   -0.324273123032E+02   -0.201372125917E+01   -0.336436750286E-01    0.334221786239E-16    0.374331098557E-02   -0.272990747985E-16    0.304759520849E+01    0.146852781128E+01    0.261318976851E-01    0.184891167681E-01   -0.251907881157E-01    0.201119962463E-01   -0.553272670806E+01   -0.754217802591E-01   -0.252648298523E-02    0.136449748918E-17    0.559382332794E-02    0.647573101878E-16    0.642747895124E+00   -0.375679838153E+00    0.159769339108E-02    0.132934021465E-01   -0.811845688180E-02   -0.126346221001E-01    0.114736562657E+01   
 11.34 -0.554669846111E+02   -0.307317869951E+01   -0.423456775746E-01   -0.910176101698E+00   -0.224048094954E-01    0.000000000000E+00   -0.468354330897E+02   -0.155134766542E+01   -0.366669303390E-01    0.437908899246E-15   -0.108172436602E+00   -0.270933393046E-15   -0.289699902918E+02   -0.169065127772E+01   -0.285940435397E-01    0.276905576440E-16    0.302517778958E-02   -0.221747414011E-16    0.267518492326E+01    0.121359145997E+01    0.228860535234E-01    0.155922172490E-01   -0.215250190117E-01    0.170420691491E-01   -0.484310906252E+01   -0.578184838148E-01   -0.571183030208E-02    0.535004182677E-18    0.483072244574E-02    0.577819740614E-16    0.549926254216E+00   -0.305810764294E+00    0.232544043939E-02    0.113986461702E-01   -0.750348383275E-02   -0.112603053489E-01    0.982304787215E+00   
 11.59 -0.481196229086E+02   -0.263409029593E+01   -0.322138613266E-01   -0.803976431243E+00   -0.203801590639E-01    0.000000000000E+00   -0.428820102127E+02   -0.137521181286E+01   -0.309689873067E-01    0.395795217944E-15   -0.937214881667E-01   -0.244850043957E-15   -0.259439927859E+02   -0.142472284384E+01   -0.249531463608E-01    0.229687091731E-16    0.269853883520E-02   -0.179476019903E-16    0.235558172389E+01    0.100732492350E+01    0.203322349831E-01    0.130678857788E-01   -0.185017374316E-01    0.145345259497E-01   -0.425120803603E+01   -0.447628740559E-01   -0.807084174020E-02   -0.107440904300E-18    0.428703411633E-02    0.516814256600E-16    0.471902500437E+00   -0.249976015010E+00    0.266585874638E-02    0.965876042809E-02   -0.664012717734E-02   -0.986725181284E-02    0.843746672538E+00   
 11.85 -0.418989208404E+02   -0.226699493566E+01   -0.246037810727E-01   -0.710184857111E+00   -0.190840420384E-01    0.000000000000E+00   -0.393398558484E+02   -0.121406578938E+01   -0.259933459733E-01    0.358525264611E-15   -0.811363792572E-01   -0.221747258608E-15   -0.232928679236E+02   -0.120600735750E+01   -0.222701694211E-01    0.190812955512E-16    0.271558402301E-02   -0.144711460002E-16    0.208000314191E+01    0.840625605221E+00    0.182009234317E-01    0.108804852502E-01   -0.159428644952E-01    0.123908027015E-01   -0.374270539795E+01   -0.354047311762E-01   -0.977007839950E-02   -0.596954653448E-18    0.388778330002E-02    0.463385819207E-16    0.406481949146E+00   -0.205374534454E+00    0.275951396155E-02    0.809182020867E-02   -0.570065251761E-02   -0.847241709279E-02    0.727228024480E+00   
 12.10 -0.365977298197E+02   -0.195868216547E+01   -0.188506612154E-01   -0.633445799039E+00   -0.179656397601E-01    0.000000000000E+00   -0.361566556858E+02   -0.106920002675E+01   -0.217402027896E-01    0.325407487205E-15   -0.698953925207E-01   -0.201213694798E-15   -0.209606024872E+02   -0.102457309822E+01   -0.201078033751E-01    0.158573430405E-16    0.299648658945E-02   -0.115993469361E-16    0.183991091184E+01    0.704481910577E+00    0.162281559926E-01    0.899496290809E-02   -0.136845083639E-01    0.104809632710E-01   -0.330341438570E+01   -0.288338831024E-01   -0.109616759602E-01   -0.966727671327E-18    0.357684467709E-02    0.416389177243E-16    0.351331313137E+00   -0.169272735890E+00    0.274231884278E-02    0.671602763285E-02   -0.485581074327E-02   -0.712439165868E-02    0.628367890825E+00   
 12.35 -0.320541934854E+02   -0.169674562154E+01   -0.144651420197E-01   -0.563148894334E+00   -0.171769595042E-01    0.000000000000E+00   -0.332856648418E+02   -0.940687929688E+00   -0.181861200283E-01    0.295897879314E-15   -0.600974314277E-01   -0.182901948625E-15   -0.188999925830E+02   -0.873208210134E+00   -0.182303418541E-01    0.131770404136E-16    0.323804782821E-02   -0.921301568129E-17    0.163120633759E+01    0.592267488903E+00    0.142933640137E-01    0.737355905045E-02   -0.116524489574E-01    0.900648774731E-02   -0.292223183696E+01   -0.238472591563E-01   -0.116798058474E-01   -0.124204946362E-17    0.332961988256E-02    0.374913502497E-16    0.304219912151E+00   -0.139987615421E+00    0.267017844892E-02    0.552327302120E-02   -0.419786426687E-02   -0.592086704868E-02    0.544257832677E+00   
 12.61 -0.281635302003E+02   -0.147429116755E+01   -0.111632652503E-01   -0.497999089881E+00   -0.167714385337E-01    0.000000000000E+00   -0.306945891344E+02   -0.826339878483E+00   -0.152053379546E-01    0.269597502213E-15   -0.516784334203E-01   -0.166568993498E-15   -0.170787982747E+02   -0.747166422005E+00   -0.165675044968E-01    0.109580711136E-16    0.334440968883E-02   -0.723987770316E-17    0.145020465649E+01    0.500193576423E+00    0.124416233768E-01    0.599475772451E-02   -0.984322725182E-02    0.787462836997E-02   -0.259167998190E+01   -0.200298479175E-01   -0.119735404027E-01   -0.143983640192E-17    0.312138323813E-02    0.338266781977E-16    0.264167753026E+00   -0.116385108748E+00    0.253466406531E-02    0.449257628007E-02   -0.366585066110E-02   -0.484487651185E-02    0.472844825052E+00   
 12.86 -0.248261715724E+02   -0.128562217674E+01   -0.867855811402E-02   -0.440784134997E+00   -0.164457994033E-01    0.000000000000E+00   -0.283533000351E+02   -0.725149576913E+00   -0.127258820634E-01    0.246114243373E-15   -0.443017817742E-01   -0.151980306984E-15   -0.154668774200E+02   -0.642057609584E+00   -0.150822124958E-01    0.911956835193E-17    0.337707460566E-02   -0.561212603886E-17    0.129236327957E+01    0.424658797303E+00    0.107286211844E-01    0.484020900628E-02   -0.826812252622E-02    0.691232642556E-02   -0.230453003430E+01   -0.171662491274E-01   -0.119141070382E-01   -0.157544215231E-17    0.297873636738E-02    0.305790809890E-16    0.230136834808E+00   -0.972931357603E-01    0.232673731057E-02    0.360810472751E-02   -0.318267248144E-02   -0.388284595117E-02    0.412030640272E+00   
 13.11 -0.219438106292E+02   -0.112493442396E+01   -0.674271841253E-02   -0.393098469449E+00   -0.158958430979E-01    0.000000000000E+00   -0.262316097637E+02   -0.636502343815E+00   -0.106832565820E-01    0.225061661073E-15   -0.376624696445E-01   -0.138902593691E-15   -0.140343416709E+02   -0.553496412113E+00   -0.137398648203E-01    0.758325685851E-17    0.338341561997E-02   -0.426225926237E-17    0.115332295507E+01    0.362108459924E+00    0.920757575396E-02    0.389183867908E-02   -0.694146867204E-02    0.598536151007E-02   -0.205363794731E+01   -0.150051422000E-01   -0.115698564676E-01   -0.166366225852E-17    0.293746172099E-02    0.276847190408E-16    0.200999925993E+00   -0.815793204858E-01    0.204023844545E-02    0.285576815255E-02   -0.267802422711E-02   -0.303768891410E-02    0.359773120345E+00   
 13.36 -0.194411058144E+02   -0.986578663762E+00   -0.513812227843E-02   -0.349342058684E+00   -0.152028194285E-01    0.000000000000E+00   -0.243030063967E+02   -0.559275807755E+00   -0.904433536167E-02    0.206141333187E-15   -0.318439919738E-01   -0.127144541242E-15   -0.127562709246E+02   -0.478391886089E+00   -0.125261760570E-01    0.629650841106E-17    0.329581420470E-02   -0.313700145768E-17    0.103114053848E+01    0.309939909661E+00    0.788674336426E-02    0.312723935364E-02   -0.583938171468E-02    0.517090480684E-02   -0.183353685891E+01   -0.131429421219E-01   -0.109922097199E-01   -0.171518211141E-17    0.300077672389E-02    0.250958364458E-16    0.175759785317E+00   -0.686123920066E-01    0.170916360963E-02    0.222431274240E-02   -0.216510146459E-02   -0.233519997981E-02    0.314780258196E+00   
