STATE= 1
j12= 0
m12= 0
ENERGY#1, U(i)= 100.000 cm^-1
B_IMPACT            L      CHANNEL=     1 CHANNEL=     2 CHANNEL=     3 CHANNEL=     4 CHANNEL=     5 CHANNEL=     6 CHANNEL=     7 CHANNEL=     8 CHANNEL=     9 CHANNEL=    10 
 0.00000000E+00      0  0.54878083E+00  0.00000000E+00  0.22030266E+00  0.00000000E+00  0.55157736E-01  0.00000000E+00  0.12013061E+00  0.00000000E+00  0.55628157E-01  0.00000000E+00 
 0.24315243E+00      1  0.55023194E+00  0.00000000E+00  0.21918609E+00  0.00000000E+00  0.55344310E-01  0.00000000E+00  0.11984246E+00  0.00000000E+00  0.55395204E-01  0.00000000E+00 
 0.48630486E+00      2  0.55311308E+00  0.00000000E+00  0.21695859E+00  0.00000000E+00  0.55730806E-01  0.00000000E+00  0.11926566E+00  0.00000000E+00  0.54931863E-01  0.00000000E+00 
 0.72945729E+00      3  0.55738097E+00  0.00000000E+00  0.21363286E+00  0.00000000E+00  0.56343727E-01  0.00000000E+00  0.11839921E+00  0.00000000E+00  0.54243228E-01  0.00000000E+00 
 0.97260972E+00      4  0.56296781E+00  0.00000000E+00  0.20923155E+00  0.00000000E+00  0.57222292E-01  0.00000000E+00  0.11724149E+00  0.00000000E+00  0.53336857E-01  0.00000000E+00 
 0.12157621E+01      5  0.56977794E+00  0.00000000E+00  0.20379150E+00  0.00000000E+00  0.58417704E-01  0.00000000E+00  0.11579018E+00  0.00000000E+00  0.52222665E-01  0.00000000E+00 
 0.14589146E+01      6  0.57768348E+00  0.00000000E+00  0.19736951E+00  0.00000000E+00  0.59992005E-01  0.00000000E+00  0.11404222E+00  0.00000000E+00  0.50912791E-01  0.00000000E+00 
 0.17020670E+01      7  0.58651904E+00  0.00000000E+00  0.19004943E+00  0.00000000E+00  0.62016397E-01  0.00000000E+00  0.11199372E+00  0.00000000E+00  0.49421416E-01  0.00000000E+00 
 0.19452194E+01      8  0.59607575E+00  0.00000000E+00  0.18195066E+00  0.00000000E+00  0.64568900E-01  0.00000000E+00  0.10964013E+00  0.00000000E+00  0.47764555E-01  0.00000000E+00 
 0.21883719E+01      9  0.60609483E+00  0.00000000E+00  0.17323774E+00  0.00000000E+00  0.67731178E-01  0.00000000E+00  0.10697645E+00  0.00000000E+00  0.45959801E-01  0.00000000E+00 
 0.24315243E+01     10  0.61626108E+00  0.00000000E+00  0.16413076E+00  0.00000000E+00  0.71584434E-01  0.00000000E+00  0.10399769E+00  0.00000000E+00  0.44026036E-01  0.00000000E+00 
 0.26746767E+01     11  0.62619671E+00  0.00000000E+00  0.15491619E+00  0.00000000E+00  0.76204265E-01  0.00000000E+00  0.10069973E+00  0.00000000E+00  0.41983103E-01  0.00000000E+00 
 0.29178292E+01     12  0.63545624E+00  0.00000000E+00  0.14595736E+00  0.00000000E+00  0.81654484E-01  0.00000000E+00  0.97080486E-01  0.00000000E+00  0.39851436E-01  0.00000000E+00 
 0.31609816E+01     13  0.64352321E+00  0.00000000E+00  0.13770357E+00  0.00000000E+00  0.87979990E-01  0.00000000E+00  0.93141550E-01  0.00000000E+00  0.37651675E-01  0.00000000E+00 
 0.34041340E+01     14  0.64980982E+00  0.00000000E+00  0.13069658E+00  0.00000000E+00  0.95198957E-01  0.00000000E+00  0.88890397E-01  0.00000000E+00  0.35404250E-01  0.00000000E+00 
 0.36472864E+01     15  0.65366056E+00  0.00000000E+00  0.12557251E+00  0.00000000E+00  0.10329480E+00  0.00000000E+00  0.84343138E-01  0.00000000E+00  0.33128993E-01  0.00000000E+00 
 0.38904389E+01     16  0.65436158E+00  0.00000000E+00  0.12305708E+00  0.00000000E+00  0.11220861E+00  0.00000000E+00  0.79527921E-01  0.00000000E+00  0.30844801E-01  0.00000000E+00 
 0.41335913E+01     17  0.65115686E+00  0.00000000E+00  0.12395134E+00  0.00000000E+00  0.12183300E+00  0.00000000E+00  0.74489221E-01  0.00000000E+00  0.28569581E-01  0.00000000E+00 
 0.43767437E+01     18  0.64327249E+00  0.00000000E+00  0.12910431E+00  0.00000000E+00  0.13200761E+00  0.00000000E+00  0.69294387E-01  0.00000000E+00  0.26321213E-01  0.00000000E+00 
 0.46198962E+01     19  0.62997185E+00  0.00000000E+00  0.13935593E+00  0.00000000E+00  0.14253052E+00  0.00000000E+00  0.64028975E-01  0.00000000E+00  0.24112724E-01  0.00000000E+00 
 0.48630486E+01     20  0.61059961E+00  0.00000000E+00  0.15548044E+00  0.00000000E+00  0.15317042E+00  0.00000000E+00  0.58797467E-01  0.00000000E+00  0.21952066E-01  0.00000000E+00 
 0.51062010E+01     21  0.58463154E+00  0.00000000E+00  0.17811298E+00  0.00000000E+00  0.16368327E+00  0.00000000E+00  0.53727775E-01  0.00000000E+00  0.19844432E-01  0.00000000E+00 
 0.53493534E+01     22  0.55174433E+00  0.00000000E+00  0.20764872E+00  0.00000000E+00  0.17384367E+00  0.00000000E+00  0.48970459E-01  0.00000000E+00  0.17792818E-01  0.00000000E+00 
 0.55925059E+01     23  0.51189587E+00  0.00000000E+00  0.24411977E+00  0.00000000E+00  0.18348950E+00  0.00000000E+00  0.44695765E-01  0.00000000E+00  0.15799089E-01  0.00000000E+00 
 0.58356583E+01     24  0.46541645E+00  0.00000000E+00  0.28704610E+00  0.00000000E+00  0.19258158E+00  0.00000000E+00  0.41089517E-01  0.00000000E+00  0.13866355E-01  0.00000000E+00 
 0.60788107E+01     25  0.41310132E+00  0.00000000E+00  0.33527683E+00  0.00000000E+00  0.20128081E+00  0.00000000E+00  0.38340893E-01  0.00000000E+00  0.12000140E-01  0.00000000E+00 
 0.63219632E+01     26  0.35624582E+00  0.00000000E+00  0.38692017E+00  0.00000000E+00  0.21002307E+00  0.00000000E+00  0.36608124E-01  0.00000000E+00  0.10202811E-01  0.00000000E+00 
 0.65651156E+01     27  0.29667958E+00  0.00000000E+00  0.43924614E+00  0.00000000E+00  0.21958124E+00  0.00000000E+00  0.36012134E-01  0.00000000E+00  0.84809046E-02  0.00000000E+00 
 0.68082680E+01     28  0.23677017E+00  0.00000000E+00  0.48864557E+00  0.00000000E+00  0.23111709E+00  0.00000000E+00  0.36618374E-01  0.00000000E+00  0.68488036E-02  0.00000000E+00 
 0.70514205E+01     29  0.17938098E+00  0.00000000E+00  0.53067485E+00  0.00000000E+00  0.24619639E+00  0.00000000E+00  0.38415660E-01  0.00000000E+00  0.53321133E-02  0.00000000E+00 
 0.72945729E+01     30  0.12767311E+00  0.00000000E+00  0.56043018E+00  0.00000000E+00  0.26666807E+00  0.00000000E+00  0.41268595E-01  0.00000000E+00  0.39600535E-02  0.00000000E+00 
 0.75377253E+01     31  0.84948493E-01  0.00000000E+00  0.57298533E+00  0.00000000E+00  0.29441010E+00  0.00000000E+00  0.44888493E-01  0.00000000E+00  0.27675846E-02  0.00000000E+00 
 0.77808777E+01     32  0.54588911E-01  0.00000000E+00  0.56396713E+00  0.00000000E+00  0.33085156E+00  0.00000000E+00  0.48796154E-01  0.00000000E+00  0.17962484E-02  0.00000000E+00 
 0.80240302E+01     33  0.40178440E-01  0.00000000E+00  0.53052314E+00  0.00000000E+00  0.37599490E+00  0.00000000E+00  0.52222969E-01  0.00000000E+00  0.10805495E-02  0.00000000E+00 
 0.82671826E+01     34  0.46421632E-01  0.00000000E+00  0.47221373E+00  0.00000000E+00  0.42674392E+00  0.00000000E+00  0.53982346E-01  0.00000000E+00  0.63837114E-03  0.00000000E+00 
 0.85103350E+01     35  0.81529963E-01  0.00000000E+00  0.39128286E+00  0.00000000E+00  0.47426326E+00  0.00000000E+00  0.52460559E-01  0.00000000E+00  0.46335098E-03  0.00000000E+00 
 0.87534875E+01     36  0.16057911E+00  0.00000000E+00  0.29167701E+00  0.00000000E+00  0.50113601E+00  0.00000000E+00  0.46102023E-01  0.00000000E+00  0.50585090E-03  0.00000000E+00 
 0.89966399E+01     37  0.30270165E+00  0.00000000E+00  0.17659434E+00  0.00000000E+00  0.48526636E+00  0.00000000E+00  0.34794581E-01  0.00000000E+00  0.64306792E-03  0.00000000E+00 
 0.92397923E+01     38  0.49338874E+00  0.00000000E+00  0.66472863E-01  0.00000000E+00  0.41888543E+00  0.00000000E+00  0.20542696E-01  0.00000000E+00  0.71027660E-03  0.00000000E+00 
 0.94829447E+01     39  0.63336877E+00  0.00000000E+00  0.49429356E-01  0.00000000E+00  0.30926991E+00  0.00000000E+00  0.73699944E-02  0.00000000E+00  0.56196283E-03  0.00000000E+00 
 0.97260972E+01     40  0.45111691E+00  0.00000000E+00  0.35100162E+00  0.00000000E+00  0.19565833E+00  0.00000000E+00  0.20395565E-02  0.00000000E+00  0.18358869E-03  0.00000000E+00 
 0.99692496E+01     41  0.39498354E-01  0.00000000E+00  0.92258485E+00  0.00000000E+00  0.37916315E-01  0.00000000E+00  0.47965184E-06  0.00000000E+00  0.37305498E-13  0.00000000E+00 
 0.10212402E+02     42  0.37000842E+00  0.00000000E+00  0.61941524E+00  0.00000000E+00  0.10575954E-01  0.00000000E+00  0.38430957E-06  0.00000000E+00  0.26089666E-13  0.00000000E+00 
 0.10455554E+02     43  0.58529220E+00  0.00000000E+00  0.41119346E+00  0.00000000E+00  0.35142585E-02  0.00000000E+00  0.81315231E-07  0.00000000E+00  0.27322538E-14  0.00000000E+00 
 0.10698707E+02     44  0.71653953E+00  0.00000000E+00  0.28212815E+00  0.00000000E+00  0.13322999E-02  0.00000000E+00  0.16599100E-07  0.00000000E+00  0.23293612E-15  0.00000000E+00 
 0.10941859E+02     45  0.80026498E+00  0.00000000E+00  0.19918410E+00  0.00000000E+00  0.55091481E-03  0.00000000E+00  0.35211935E-08  0.00000000E+00  0.71443433E-16  0.00000000E+00 
 0.11185012E+02     46  0.85590595E+00  0.00000000E+00  0.14385200E+00  0.00000000E+00  0.24205508E-03  0.00000000E+00  0.77786280E-09  0.00000000E+00  0.27832966E-16  0.00000000E+00 
 0.11428164E+02     47  0.89410641E+00  0.00000000E+00  0.10578241E+00  0.00000000E+00  0.11117932E-03  0.00000000E+00  0.17903399E-09  0.00000000E+00  0.89957857E-17  0.00000000E+00 
 0.11671317E+02     48  0.92101988E+00  0.00000000E+00  0.78927315E-01  0.00000000E+00  0.52808899E-04  0.00000000E+00  0.43762257E-10  0.00000000E+00  0.25391021E-17  0.00000000E+00 
 0.11914469E+02     49  0.94038041E+00  0.00000000E+00  0.59593851E-01  0.00000000E+00  0.25743119E-04  0.00000000E+00  0.11981763E-10  0.00000000E+00  0.65957064E-18  0.00000000E+00 
 0.12157621E+02     50  0.95454721E+00  0.00000000E+00  0.45439983E-01  0.00000000E+00  0.12808182E-04  0.00000000E+00  0.39654772E-11  0.00000000E+00  0.16626595E-18  0.00000000E+00 
 0.12400774E+02     51  0.96506147E+00  0.00000000E+00  0.34932057E-01  0.00000000E+00  0.64776888E-05  0.00000000E+00  0.16347659E-11  0.00000000E+00  0.45277605E-19  0.00000000E+00 
 0.12643926E+02     52  0.97295841E+00  0.00000000E+00  0.27038267E-01  0.00000000E+00  0.33203580E-05  0.00000000E+00  0.79182648E-12  0.00000000E+00  0.16049440E-19  0.00000000E+00 
 0.12887079E+02     53  0.97894993E+00  0.00000000E+00  0.21048349E-01  0.00000000E+00  0.17216478E-05  0.00000000E+00  0.41422308E-12  0.00000000E+00  0.79786975E-20  0.00000000E+00 
 0.13130231E+02     54  0.98353537E+00  0.00000000E+00  0.16463729E-01  0.00000000E+00  0.90220803E-06  0.00000000E+00  0.22175458E-12  0.00000000E+00  0.47744793E-20  0.00000000E+00 
 0.13373384E+02     55  0.98707105E+00  0.00000000E+00  0.12928471E-01  0.00000000E+00  0.47796080E-06  0.00000000E+00  0.11871734E-12  0.00000000E+00  0.29601816E-20  0.00000000E+00 
 0.13616536E+02     56  0.98981501E+00  0.00000000E+00  0.10184734E-01  0.00000000E+00  0.25641426E-06  0.00000000E+00  0.63138718E-13  0.00000000E+00  0.17949325E-20  0.00000000E+00 
 0.13859688E+02     57  0.99195653E+00  0.00000000E+00  0.80433343E-02  0.00000000E+00  0.13977838E-06  0.00000000E+00  0.33386442E-13  0.00000000E+00  0.10588190E-20  0.00000000E+00 
 0.14102841E+02     58  0.99363602E+00  0.00000000E+00  0.63638980E-02  0.00000000E+00  0.77834644E-07  0.00000000E+00  0.17628422E-13  0.00000000E+00  0.61541354E-21  0.00000000E+00 
 0.14345993E+02     59  0.99495873E+00  0.00000000E+00  0.50412264E-02  0.00000000E+00  0.44576280E-07  0.00000000E+00  0.93543216E-14  0.00000000E+00  0.35635298E-21  0.00000000E+00 
 0.14589146E+02     60  0.99600419E+00  0.00000000E+00  0.39957807E-02  0.00000000E+00  0.26448826E-07  0.00000000E+00  0.50284218E-14  0.00000000E+00  0.20245394E-21  0.00000000E+00 
 0.14832298E+02     61  0.99683304E+00  0.00000000E+00  0.31669455E-02  0.00000000E+00  0.16354380E-07  0.00000000E+00  0.27626310E-14  0.00000000E+00  0.10886877E-21  0.00000000E+00 
 0.15075451E+02     62  0.99749179E+00  0.00000000E+00  0.25081949E-02  0.00000000E+00  0.10562826E-07  0.00000000E+00  0.15644390E-14  0.00000000E+00  0.55194667E-22  0.00000000E+00 
 0.15318603E+02     63  0.99801641E+00  0.00000000E+00  0.19835868E-02  0.00000000E+00  0.71078232E-08  0.00000000E+00  0.91861811E-15  0.00000000E+00  0.29055316E-22  0.00000000E+00 
 0.15561755E+02     64  0.99843480E+00  0.00000000E+00  0.15651910E-02  0.00000000E+00  0.49488743E-08  0.00000000E+00  0.56004038E-15  0.00000000E+00  0.17318285E-22  0.00000000E+00 
 0.15804908E+02     65  0.99876881E+00  0.00000000E+00  0.12311877E-02  0.00000000E+00  0.35319135E-08  0.00000000E+00  0.35288315E-15  0.00000000E+00  0.99498719E-23  0.00000000E+00 
 0.16048060E+02     66  0.99903555E+00  0.00000000E+00  0.96444701E-03  0.00000000E+00  0.25584518E-08  0.00000000E+00  0.22766741E-15  0.00000000E+00  0.47164940E-23  0.00000000E+00 
 0.16291213E+02     67  0.99924854E+00  0.00000000E+00  0.75146152E-03  0.00000000E+00  0.18643219E-08  0.00000000E+00  0.14882854E-15  0.00000000E+00  0.27919578E-23  0.00000000E+00 
 0.16534365E+02     68  0.99941846E+00  0.00000000E+00  0.58153842E-03  0.00000000E+00  0.13561416E-08  0.00000000E+00  0.97971574E-16  0.00000000E+00  0.24838466E-23  0.00000000E+00 
 0.16777518E+02     69  0.99955382E+00  0.00000000E+00  0.44618388E-03  0.00000000E+00  0.97816570E-09  0.00000000E+00  0.65052653E-16  0.00000000E+00  0.17435892E-23  0.00000000E+00 
 0.17020670E+02     70  0.99966137E+00  0.00000000E+00  0.33863189E-03  0.00000000E+00  0.69510357E-09  0.00000000E+00  0.43825054E-16  0.00000000E+00  0.13671476E-23  0.00000000E+00 
 0.17263822E+02     71  0.99974652E+00  0.00000000E+00  0.25348137E-03  0.00000000E+00  0.48325394E-09  0.00000000E+00  0.29841915E-16  0.00000000E+00  0.14958810E-23  0.00000000E+00 
 0.17506975E+02     72  0.99981358E+00  0.00000000E+00  0.18641531E-03  0.00000000E+00  0.32590986E-09  0.00000000E+00  0.19975584E-16  0.00000000E+00  0.10902559E-23  0.00000000E+00 
 0.17750127E+02     73  0.99986602E+00  0.00000000E+00  0.13398181E-03  0.00000000E+00  0.21087892E-09  0.00000000E+00  0.12511938E-16  0.00000000E+00  0.92567317E-24  0.00000000E+00 
 0.17993280E+02     74  0.99990658E+00  0.00000000E+00  0.93421467E-04  0.00000000E+00  0.12899586E-09  0.00000000E+00  0.70155458E-17  0.00000000E+00  0.10618296E-23  0.00000000E+00 
 0.18236432E+02     75  0.99993747E+00  0.00000000E+00  0.62529110E-04  0.00000000E+00  0.73092819E-10  0.00000000E+00  0.35813453E-17  0.00000000E+00  0.52623719E-24  0.00000000E+00 
 0.18479585E+02     76  0.99996046E+00  0.00000000E+00  0.39539729E-04  0.00000000E+00  0.37241983E-10  0.00000000E+00  0.18962669E-17  0.00000000E+00  0.65253398E-24  0.00000000E+00 
 0.18722737E+02     77  0.99997697E+00  0.00000000E+00  0.23029980E-04  0.00000000E+00  0.16274690E-10  0.00000000E+00  0.10520630E-17  0.00000000E+00  0.30009188E-24  0.00000000E+00 
 0.18965889E+02     78  0.99998817E+00  0.00000000E+00  0.11827312E-04  0.00000000E+00  0.56051303E-11  0.00000000E+00  0.38519920E-18  0.00000000E+00  0.32680217E-24  0.00000000E+00 
 0.19209042E+02     79  0.99999508E+00  0.00000000E+00  0.49188477E-05  0.00000000E+00  0.12837217E-11  0.00000000E+00  0.77092722E-19  0.00000000E+00  0.11942812E-24  0.00000000E+00 
 0.19452194E+02     80  0.99999865E+00  0.00000000E+00  0.13516964E-05  0.00000000E+00  0.13904791E-12  0.00000000E+00  0.43776993E-19  0.00000000E+00  0.46267072E-25  0.00000000E+00 
 0.19695347E+02     81  0.99999988E+00  0.00000000E+00  0.11538153E-06  0.00000000E+00  0.75541523E-14  0.00000000E+00  0.52832568E-20  0.00000000E+00  0.23474133E-25  0.00000000E+00 
 0.19938499E+02     82  0.10000000E+01  0.00000000E+00  0.00000000E+00  0.00000000E+00  0.00000000E+00  0.00000000E+00  0.00000000E+00  0.00000000E+00  0.00000000E+00  0.00000000E+00 
 
