STATE= 1
j12= 0
m12= 0
ENERGY#1, U(i)= 100.000 cm^-1
B_IMPACT            L      CHANNEL=     1 CHANNEL=     2 CHANNEL=     3 CHANNEL=     4 CHANNEL=     5 CHANNEL=     6 CHANNEL=     7 CHANNEL=     8 CHANNEL=     9 CHANNEL=    10 
 0.00000000E+00      0  0.16088484E+00  0.31274728E-30  0.45631088E+00  0.42361982E-30  0.34031984E+00  0.37351594E-29  0.23476668E-01  0.57376571E-29  0.19007768E-01  0.14392454E-29 
 0.24315243E+00      1  0.16019265E+00  0.30603545E-30  0.45928113E+00  0.43243279E-30  0.33771066E+00  0.37345738E-29  0.23714957E-01  0.57436342E-29  0.19100612E-01  0.14372816E-29 
 0.48630486E+00      2  0.15879354E+00  0.29275728E-30  0.46520353E+00  0.45046094E-30  0.33250912E+00  0.37316856E-29  0.24208621E-01  0.57531189E-29  0.19285189E-01  0.14359008E-29 
 0.72945729E+00      3  0.15665906E+00  0.27322548E-30  0.47403685E+00  0.47840880E-30  0.32475488E+00  0.37229679E-29  0.24990192E-01  0.57611058E-29  0.19559012E-01  0.14401562E-29 
 0.97260972E+00      4  0.15374928E+00  0.24796480E-30  0.48570628E+00  0.51706216E-30  0.31452235E+00  0.37029407E-29  0.26104405E-01  0.57600037E-29  0.19917685E-01  0.14574725E-29 
 0.12157621E+01      5  0.15001684E+00  0.21778432E-30  0.50008688E+00  0.56690847E-30  0.30193871E+00  0.36640948E-29  0.27603413E-01  0.57398049E-29  0.20354146E-01  0.14972885E-29 
 0.14589146E+01      6  0.14541214E+00  0.18387508E-30  0.51698425E+00  0.62759360E-30  0.28720518E+00  0.35971081E-29  0.29540761E-01  0.56887888E-29  0.20857669E-01  0.15702499E-29 
 0.17020670E+01      7  0.13988870E+00  0.14789096E-30  0.53611491E+00  0.69728991E-30  0.27061889E+00  0.34912384E-29  0.31964867E-01  0.55945396E-29  0.21412617E-01  0.16869969E-29 
 0.19452194E+01      8  0.13341343E+00  0.11200152E-30  0.55707883E+00  0.77204174E-30  0.25259796E+00  0.33351088E-29  0.34912668E-01  0.54454339E-29  0.21997101E-01  0.18565266E-29 
 0.21883719E+01      9  0.12597890E+00  0.78871095E-31  0.57933293E+00  0.84532032E-30  0.23370179E+00  0.31182019E-29  0.38404742E-01  0.52327321E-29  0.22581636E-01  0.20842183E-29 
 0.24315243E+01     10  0.11761852E+00  0.51502051E-31  0.60216798E+00  0.90810640E-30  0.21464210E+00  0.28332539E-29  0.42443364E-01  0.49530053E-29  0.23128029E-01  0.23699559E-29 
 0.26746767E+01     11  0.10842424E+00  0.32870107E-31  0.62469376E+00  0.94986272E-30  0.19627805E+00  0.24796843E-29  0.47014959E-01  0.46103591E-29  0.23588998E-01  0.27070368E-29 
 0.29178292E+01     12  0.98565779E-01  0.25291328E-31  0.64583899E+00  0.96064258E-30  0.17958808E+00  0.20679187E-29  0.52097870E-01  0.42175232E-29  0.23909277E-01  0.30826931E-29 
 0.31609816E+01     13  0.88309700E-01  0.29528572E-31  0.66437401E+00  0.93419433E-30  0.16561189E+00  0.16238521E-29  0.57675041E-01  0.37945140E-29  0.24029348E-01  0.34808078E-29 
 0.34041340E+01     14  0.78035334E-01  0.43829154E-31  0.67896386E+00  0.87119660E-30  0.15535850E+00  0.11916528E-29  0.63749022E-01  0.33635973E-29  0.23893279E-01  0.38865020E-29 
 0.36472864E+01     15  0.68243891E-01  0.63445237E-31  0.68825854E+00  0.78080875E-30  0.14968184E+00  0.83169065E-30  0.70353611E-01  0.29403602E-29  0.23462122E-01  0.42907794E-29 
 0.38904389E+01     16  0.59556451E-01  0.81679516E-31  0.69102332E+00  0.67802767E-30  0.14913325E+00  0.60924850E-30  0.77553200E-01  0.25239841E-29  0.22733782E-01  0.46923035E-29 
 0.41335913E+01     17  0.52700482E-01  0.93750273E-31  0.68630859E+00  0.57427291E-30  0.15380339E+00  0.56979042E-30  0.85418601E-01  0.20961698E-29  0.21768937E-01  0.50907108E-29 
 0.43767437E+01     18  0.48440331E-01  0.10252299E-30  0.67364988E+00  0.46550638E-30  0.16322532E+00  0.70159279E-30  0.93973525E-01  0.16419693E-29  0.20710939E-01  0.54547112E-29 
 0.46198962E+01     19  0.47497369E-01  0.11798950E-30  0.65318535E+00  0.34285191E-30  0.17641869E+00  0.91297122E-30  0.10310566E+00  0.11780100E-29  0.19792938E-01  0.56978498E-29 
 0.48630486E+01     20  0.50502709E-01  0.14819941E-30  0.62569986E+00  0.21159882E-30  0.19201318E+00  0.10539831E-29  0.11245858E+00  0.75690981E-30  0.19325667E-01  0.56899363E-29 
 0.51062010E+01     21  0.57924531E-01  0.18684207E-30  0.59258872E+00  0.99807142E-31  0.20849797E+00  0.10003668E-29  0.12135084E+00  0.44268934E-30  0.19637936E-01  0.53176269E-29 
 0.53493534E+01     22  0.70002661E-01  0.21176879E-30  0.55572317E+00  0.39696794E-31  0.22453004E+00  0.75634835E-30  0.12878371E+00  0.26501678E-30  0.20960427E-01  0.45561749E-29 
 0.55925059E+01     23  0.86691012E-01  0.20598741E-30  0.51723762E+00  0.34502608E-31  0.23920154E+00  0.47057798E-30  0.13360781E+00  0.19620275E-30  0.23262010E-01  0.35373621E-29 
 0.58356583E+01     24  0.10763678E+00  0.17633619E-30  0.47905828E+00  0.57088708E-31  0.25235197E+00  0.28661918E-30  0.13483043E+00  0.19273241E-30  0.26122529E-01  0.25324621E-29 
 0.60788107E+01     25  0.13218261E+00  0.13351710E-30  0.44281913E+00  0.76907038E-31  0.26425531E+00  0.21657101E-30  0.13200836E+00  0.22130390E-30  0.28734588E-01  0.17406410E-29 
 0.63219632E+01     26  0.15929845E+00  0.83966492E-31  0.41002383E+00  0.71360120E-31  0.27500314E+00  0.18427951E-30  0.12556944E+00  0.23676477E-30  0.30105145E-01  0.12334946E-29 
 0.65651156E+01     27  0.18756810E+00  0.49505560E-31  0.38203533E+00  0.51275976E-31  0.28411804E+00  0.15702197E-30  0.11677747E+00  0.17760843E-30  0.29501061E-01  0.94283645E-30 
 0.68082680E+01     28  0.21541964E+00  0.42300690E-31  0.35956869E+00  0.33669081E-31  0.29087449E+00  0.15625036E-30  0.10719131E+00  0.77500721E-31  0.26945867E-01  0.70681094E-30 
 0.70514205E+01     29  0.24180986E+00  0.47875868E-31  0.34179957E+00  0.20237397E-31  0.29499454E+00  0.12312186E-30  0.98068807E-01  0.32173331E-31  0.23327224E-01  0.46378378E-30 
 0.72945729E+01     30  0.26745807E+00  0.44692304E-31  0.32474127E+00  0.17093180E-31  0.29800818E+00  0.52446889E-31  0.89911772E-01  0.19681834E-31  0.19880713E-01  0.29844913E-30 
 0.75377253E+01     31  0.29572126E+00  0.25769198E-31  0.30133840E+00  0.10172213E-31  0.30292115E+00  0.15137136E-31  0.82887625E-01  0.27356453E-31  0.17131570E-01  0.19421371E-30 
 0.77808777E+01     32  0.33060749E+00  0.13422815E-31  0.26612125E+00  0.12725744E-31  0.31096668E+00  0.12030736E-31  0.78058267E-01  0.29927549E-31  0.14246310E-01  0.12456528E-30 
 0.80240302E+01     33  0.36885521E+00  0.19066906E-31  0.22715564E+00  0.36336714E-31  0.31495842E+00  0.24081825E-31  0.79116299E-01  0.83051175E-32  0.99144271E-02  0.63328653E-31 
 0.82671826E+01     34  0.39253139E+00  0.14968626E-31  0.21505999E+00  0.28555385E-31  0.29667205E+00  0.29258124E-31  0.90936742E-01  0.48813309E-32  0.47998274E-02  0.27672514E-31 
 0.85103350E+01     35  0.38714805E+00  0.15407696E-31  0.25380250E+00  0.18334953E-31  0.24838242E+00  0.11210447E-31  0.10803027E+00  0.10958179E-31  0.26367573E-02  0.23570119E-31 
 0.87534875E+01     36  0.37660055E+00  0.12537880E-31  0.30656080E+00  0.35131215E-31  0.20217783E+00  0.12585354E-31  0.11038192E+00  0.52897801E-32  0.42789001E-02  0.14760380E-31 
 0.89966399E+01     37  0.38964096E+00  0.87824540E-32  0.33444580E+00  0.37897029E-31  0.18403481E+00  0.11331244E-31  0.87334071E-01  0.39015814E-32  0.45443661E-02  0.16234384E-32 
 0.92397923E+01     38  0.42832480E+00  0.17346370E-31  0.36461206E+00  0.34607153E-31  0.15409117E+00  0.70758087E-32  0.50616535E-01  0.34050945E-32  0.23554377E-02  0.77319547E-33 
 0.94829447E+01     39  0.54424557E+00  0.22613707E-31  0.33832606E+00  0.31544228E-31  0.96191387E-01  0.55118804E-32  0.20602043E-01  0.10421088E-32  0.63493804E-03  0.22871354E-33 
 0.97260972E+01     40  0.72686432E+00  0.21851474E-31  0.21728005E+00  0.19342329E-31  0.50164320E-01  0.78889726E-32  0.56056179E-02  0.55599931E-33  0.85694280E-04  0.33528737E-34 
 0.99692496E+01     41  0.84604591E+00  0.94306784E-32  0.12599097E+00  0.86328651E-32  0.27086166E-01  0.39663568E-32  0.87214380E-03  0.41661573E-33  0.48078011E-05  0.18455847E-34 
 0.10212402E+02     42  0.83223934E+00  0.69715556E-32  0.15381789E+00  0.77822566E-32  0.13891115E-01  0.32739365E-32  0.51574390E-04  0.61053844E-34  0.79699018E-07  0.14209659E-34 
 0.10455554E+02     43  0.76560905E+00  0.28972299E-31  0.22800052E+00  0.11191931E-31  0.63897419E-02  0.14944799E-32  0.69248717E-06  0.12748501E-34  0.29449632E-09  0.29540122E-34 
 0.10698707E+02     44  0.76109144E+00  0.28985933E-31  0.23600864E+00  0.11704168E-31  0.28996900E-02  0.88675315E-33  0.22646185E-06  0.16648926E-34  0.44017892E-12  0.14555038E-34 
 0.10941859E+02     45  0.82150847E+00  0.10592418E-31  0.17735075E+00  0.58399652E-32  0.11407213E-02  0.79105982E-33  0.56401784E-07  0.24372779E-34  0.89772894E-14  0.96591389E-35 
 0.11185012E+02     46  0.88685276E+00  0.28452889E-32  0.11276463E+00  0.30467257E-32  0.38260822E-03  0.98895524E-33  0.10915946E-07  0.58276659E-35  0.16008674E-14  0.33392096E-35 
 0.11428164E+02     47  0.93250404E+00  0.87578877E-33  0.67376953E-01  0.18040258E-32  0.11900693E-03  0.46970296E-34  0.19367140E-08  0.53815567E-36  0.26912713E-15  0.89585521E-36 
 0.11671317E+02     48  0.96036857E+00  0.35115073E-33  0.39595133E-01  0.60643023E-33  0.36292386E-04  0.17366745E-33  0.31603797E-09  0.11869438E-35  0.51468341E-16  0.38805853E-36 
 0.11914469E+02     49  0.97672641E+00  0.88520031E-34  0.23262391E-01  0.18186923E-33  0.11202371E-04  0.35880190E-34  0.47823660E-10  0.86290491E-36  0.13029803E-16  0.13489360E-36 
 0.12157621E+02     50  0.98626771E+00  0.49199628E-35  0.13728673E-01  0.91939217E-34  0.36125636E-05  0.30701751E-33  0.69782800E-11  0.13599446E-36  0.50914408E-17  0.64845302E-37 
 0.12400774E+02     51  0.99185696E+00  0.74708939E-35  0.81417707E-02  0.41236180E-34  0.12733194E-05  0.10069087E-34  0.11264522E-11  0.16554460E-36  0.24767890E-17  0.41108675E-37 
 0.12643926E+02     52  0.99515429E+00  0.14274367E-34  0.48451902E-02  0.13500452E-34  0.51601816E-06  0.80620025E-35  0.25525138E-12  0.11609425E-36  0.11713366E-17  0.22763400E-37 
 0.12887079E+02     53  0.99711273E+00  0.99102959E-35  0.28870245E-02  0.45294744E-35  0.24558143E-06  0.15483265E-34  0.82478367E-13  0.87155082E-37  0.60174125E-18  0.10086443E-37 
 0.13130231E+02     54  0.99828199E+00  0.15389701E-35  0.17178752E-02  0.19997691E-35  0.13322970E-06  0.33111712E-35  0.31045708E-13  0.11886638E-37  0.44595408E-18  0.10967758E-38 
 0.13373384E+02     55  0.99898221E+00  0.75251549E-36  0.10177126E-02  0.73495001E-36  0.78078607E-07  0.31207464E-35  0.12777135E-13  0.19198720E-38  0.34874340E-18  0.12128454E-38 
 0.13616536E+02     56  0.99940175E+00  0.17471398E-36  0.59820462E-03  0.27580783E-36  0.47324185E-07  0.87587725E-35  0.61331173E-14  0.14127035E-38  0.22058481E-18  0.25302552E-39 
 0.13859688E+02     57  0.99965251E+00  0.29828702E-37  0.34745879E-03  0.14138599E-36  0.28935366E-07  0.91053831E-35  0.35973134E-14  0.51731558E-39  0.12307012E-18  0.26916907E-39 
 0.14102841E+02     58  0.99980153E+00  0.22644562E-37  0.19845159E-03  0.10900302E-36  0.17631927E-07  0.14783690E-34  0.25828652E-14  0.38549523E-39  0.82693997E-19  0.15797466E-39 
 0.14345993E+02     59  0.99988921E+00  0.52357631E-38  0.11077658E-03  0.78871935E-37  0.10645467E-07  0.14649402E-35  0.21949810E-14  0.94515098E-40  0.91520221E-19  0.29653093E-40 
 0.14589146E+02     60  0.99994003E+00  0.25600303E-39  0.59964213E-04  0.21874262E-37  0.63462431E-08  0.32017093E-35  0.19564545E-14  0.26443924E-39  0.98332922E-19  0.16621085E-40 
 0.14832298E+02     61  0.99996883E+00  0.41703021E-39  0.31161532E-04  0.87404131E-38  0.37236801E-08  0.10562671E-34  0.16041021E-14  0.10954923E-40  0.67775740E-19  0.11981273E-40 
 0.15075451E+02     62  0.99998464E+00  0.99259665E-40  0.15354173E-04  0.40129215E-38  0.21418041E-08  0.67650367E-35  0.11741028E-14  0.40467874E-40  0.42725812E-19  0.27722578E-41 
 0.15318603E+02     63  0.99999291E+00  0.88716181E-40  0.70878622E-05  0.11769604E-38  0.12007376E-08  0.41511906E-35  0.87222930E-15  0.25445085E-41  0.46090523E-19  0.10005547E-41 
 0.15561755E+02     64  0.99999692E+00  0.49151118E-40  0.30841943E-05  0.27221514E-39  0.65056964E-09  0.30741632E-35  0.78591688E-15  0.30052145E-42  0.51766099E-19  0.68957078E-43 
 0.15804908E+02     65  0.99999860E+00  0.20942450E-40  0.13946706E-05  0.11549338E-39  0.33631576E-09  0.11606650E-35  0.80988846E-15  0.15647887E-42  0.49705726E-19  0.19495707E-42 
 0.16048060E+02     66  0.99999912E+00  0.18692722E-40  0.88150489E-06  0.57873448E-40  0.16272884E-09  0.53733780E-35  0.85585066E-15  0.15601458E-41  0.33403299E-19  0.16349025E-42 
 0.16291213E+02     67  0.99999910E+00  0.76810440E-40  0.89819127E-06  0.58666081E-40  0.71883140E-10  0.87357101E-36  0.95345599E-15  0.39821345E-42  0.30627920E-19  0.10089627E-42 
 0.16534365E+02     68  0.99999891E+00  0.48579510E-40  0.10929066E-05  0.40722330E-40  0.28840012E-10  0.10797325E-35  0.10406016E-14  0.24227239E-42  0.44110615E-19  0.24205343E-43 
 0.16777518E+02     69  0.99999871E+00  0.46472227E-40  0.12877763E-05  0.75081190E-41  0.12439579E-10  0.78954203E-36  0.90196490E-15  0.90141346E-43  0.28286937E-19  0.12288447E-42 
 0.17020670E+02     70  0.99999859E+00  0.11726203E-39  0.14051239E-05  0.51719790E-41  0.95085141E-11  0.14910918E-36  0.56635234E-15  0.18883058E-42  0.25657264E-19  0.96034813E-43 
 0.17263822E+02     71  0.99999858E+00  0.39520626E-40  0.14228456E-05  0.10590670E-40  0.11580698E-10  0.68125199E-37  0.43851342E-15  0.64642699E-44  0.31430314E-19  0.25415355E-43 
 0.17506975E+02     72  0.99999865E+00  0.28415915E-40  0.13478109E-05  0.66098153E-41  0.13531176E-10  0.61338379E-37  0.63802067E-15  0.84504454E-44  0.24914459E-19  0.18331163E-43 
 0.17750127E+02     73  0.99999880E+00  0.23791647E-40  0.12003670E-05  0.10708045E-40  0.13365759E-10  0.36617702E-36  0.73378918E-15  0.66821608E-43  0.18468126E-19  0.12704232E-42 
 0.17993280E+02     74  0.99999899E+00  0.22945298E-40  0.10056081E-05  0.31066119E-41  0.12042958E-10  0.14435756E-36  0.56033295E-15  0.86393158E-43  0.26480279E-19  0.28353963E-43 
 0.18236432E+02     75  0.99999921E+00  0.20608573E-40  0.78868302E-06  0.21857965E-41  0.12188130E-10  0.13836035E-36  0.37330286E-15  0.55884965E-43  0.11843158E-19  0.14980317E-43 
 0.18479585E+02     76  0.99999943E+00  0.17278492E-40  0.57240758E-06  0.16023961E-41  0.15505838E-10  0.86749374E-36  0.30180085E-15  0.39598272E-43  0.20366946E-19  0.14542745E-43 
 0.18722737E+02     77  0.99999962E+00  0.66487816E-41  0.37606451E-06  0.11771559E-41  0.20532015E-10  0.24477560E-36  0.44118964E-15  0.48595986E-43  0.10242069E-19  0.54548288E-44 
 0.18965889E+02     78  0.99999979E+00  0.31955560E-41  0.21463801E-06  0.37680354E-42  0.23372480E-10  0.49816415E-36  0.29254476E-15  0.39693170E-43  0.12700459E-19  0.14290403E-44 
 0.19209042E+02     79  0.99999990E+00  0.19596622E-41  0.97942050E-07  0.80886157E-43  0.21384326E-10  0.75417567E-37  0.13624096E-15  0.13833880E-43  0.68324055E-20  0.33647029E-45 
 0.19452194E+02     80  0.99999997E+00  0.20543082E-42  0.29201817E-07  0.90242193E-44  0.14451132E-10  0.18098199E-35  0.18417073E-15  0.23076642E-44  0.30897289E-20  0.60773998E-46 
 0.19695347E+02     81  0.10000000E+01  0.10926055E-43  0.26778846E-08  0.48946170E-45  0.36265998E-11  0.10311119E-36  0.34599338E-16  0.49489172E-46  0.18559611E-20  0.12676342E-47 
 0.19938499E+02     82  0.10000000E+01  0.00000000E+00  0.00000000E+00  0.00000000E+00  0.00000000E+00  0.00000000E+00  0.00000000E+00  0.00000000E+00  0.00000000E+00  0.00000000E+00 
 
