R_Bohr               v_0_0                 v_1_0                 v_2_0                 v_2_2                 v_3_0                 v_3_2                 v_4_0                 v_4_2                 v_4_4                 v_5_0                 v_5_2                 v_5_4                 v_6_0                 v_6_2                 v_6_4                 v_6_6                 v_7_0                 v_7_2                 v_7_4                 v_7_6                 v_8_0                 v_8_2                 v_8_4                 v_8_6                 v_9_0                 v_9_2                 v_9_4                 v_9_6                v_10_0                v_10_2                v_10_4                v_10_6   
  4.50  0.252452400778E+04    0.676192443884E+03    0.592121602534E+02    0.914593211979E+02   -0.271650637037E+03    0.370520985653E+03   -0.129969594455E+03    0.114051877584E+03    0.452639704935E+02   -0.141085312926E+02    0.945078690652E+01    0.437941714664E+02    0.768986058808E+01   -0.151325982644E+02    0.191781045133E+02    0.633551151030E+01    0.125498114872E+01   -0.222316425301E+01    0.274537455995E+01    0.286994466728E+01   -0.337255659206E+00   -0.209343945379E+00   -0.470153464149E+00    0.146066268362E+01   -0.710569557982E-01   -0.156737460798E-02   -0.103403635510E+00    0.227103188810E+00   -0.184523024305E-01   -0.178787167599E-01   -0.104415414224E-01   -0.782152009667E-02   
  4.66  0.173282081107E+04    0.494753184702E+03    0.433726122055E+02    0.381005153979E+02   -0.192541600873E+03    0.261283120815E+03   -0.940625264585E+02    0.825113016123E+02    0.297546327287E+02   -0.110737840017E+02    0.738603344798E+01    0.305584751077E+02    0.555865823674E+01   -0.106064857173E+02    0.135767367063E+02    0.415857762612E+01    0.100672843648E+01   -0.173380890515E+01    0.205619959130E+01    0.193834780065E+01   -0.204504279688E+00   -0.150645758247E+00   -0.293685941092E+00    0.994079209774E+00   -0.518926401822E-01    0.146489471748E-02   -0.800700863280E-01    0.167202408424E+00   -0.122978138382E-01   -0.109590582577E-01   -0.632708017222E-02   -0.436354406152E-02   
  4.81  0.116842011973E+04    0.358908162748E+03    0.313867315868E+02    0.572104277887E+01   -0.135534594711E+03    0.182647305592E+03   -0.676992142501E+02    0.593493155824E+02    0.191086541896E+02   -0.859249857215E+01    0.570544509269E+01    0.211543214081E+02    0.400176703792E+01   -0.738334844161E+01    0.956344701004E+01    0.267390812709E+01    0.797179928286E+00   -0.132864081556E+01    0.152986454654E+01    0.129209567842E+01   -0.117631110930E+00   -0.109288423285E+00   -0.176300624285E+00    0.671073310288E+00   -0.370067835227E-01    0.333383700720E-02   -0.607425449753E-01    0.122320642934E+00   -0.819680556195E-02   -0.649742786856E-02   -0.371742573242E-02   -0.223238889792E-02   
  4.97  0.768767910827E+03    0.257909762714E+03    0.223540607448E+02   -0.128226818212E+02   -0.946332469777E+02    0.126349662378E+03   -0.484217949198E+02    0.424105179541E+02    0.118739115539E+02   -0.659809306853E+01    0.436114370219E+01    0.145053578294E+02    0.286839216639E+01   -0.509950157178E+01    0.669826581406E+01    0.167228957855E+01    0.623715155281E+00   -0.100122738864E+01    0.113099579921E+01    0.847071822154E+00   -0.620835620909E-01   -0.796939778291E-01   -0.996307513343E-01    0.448631048197E+00   -0.257304086604E-01    0.430086155429E-02   -0.452322962026E-01    0.889598249219E-01   -0.546204633644E-02   -0.366673298567E-02   -0.207567979484E-02   -0.973987531021E-03   
  5.13  0.488097430953E+03    0.183355421540E+03    0.155879420148E+02   -0.224233886304E+02   -0.654319185523E+02    0.862913207527E+02   -0.343879328505E+02    0.300792083723E+02    0.701894843510E+01   -0.501804384147E+01    0.330163355636E+01    0.983063038270E+01    0.204618448950E+01   -0.349008290622E+01    0.466070889182E+01    0.100549573140E+01    0.482406286047E+00   -0.741967099269E+00    0.830881375425E+00    0.543291470015E+00   -0.276492604220E-01   -0.582097700884E-01   -0.507020565167E-01    0.296350228643E+00   -0.173854303582E-01    0.462101040418E-02   -0.331006532736E-01    0.643420021873E-01   -0.363709623059E-02   -0.190929832698E-02   -0.105516119430E-02   -0.274602847117E-03   
  5.28  0.293000406668E+03    0.128730845648E+03    0.105602112877E+02   -0.263976222599E+02   -0.447009560411E+02    0.579864667659E+02   -0.242206583614E+02    0.211472664188E+02    0.381355265811E+01   -0.378194718168E+01    0.247735812020E+01    0.656511195555E+01    0.145178641569E+01   -0.236285148265E+01    0.321791077890E+01    0.568972528197E+00    0.368857589124E+00   -0.540307405430E+00    0.606578876130E+00    0.338118521595E+00   -0.722164265728E-02   -0.424226867795E-01   -0.204268630142E-01    0.192811770198E+00   -0.113504864906E-01    0.451183425437E-02   -0.238179200501E-01    0.462963560403E-01   -0.241875280419E-02   -0.850619457034E-03   -0.432434375949E-03    0.781638231150E-04   
  5.44  0.159152064602E+03    0.890246417843E+02    0.686225360110E+01   -0.269652424385E+02   -0.300787080207E+02    0.381474925012E+02   -0.168939024022E+02    0.147138055202E+02    0.174274531769E+01   -0.282576774555E+01    0.184355406028E+01    0.430122213998E+01    0.102359806955E+01   -0.157877254089E+01    0.220111662572E+01    0.289343903659E+00    0.278709330519E+00   -0.386008761986E+00    0.439995531178E+00    0.201358161981E+00    0.409657394855E-02   -0.307170804955E-01   -0.249874415917E-02    0.122977065220E+00   -0.708981367215E-02    0.414402070877E-02   -0.168539105997E-01    0.331492832384E-01   -0.160544197895E-02   -0.240512883404E-03   -0.636215586538E-04    0.224917488321E-03   
  5.60  0.688922483294E+02    0.604095724247E+02    0.417696771943E+01   -0.255887175785E+02   -0.198430497084E+02    0.243740698666E+02   -0.116454708975E+02    0.101090498237E+02    0.444939092410E+00   -0.209369206515E+01    0.136143579321E+01    0.274589211545E+01    0.716273449746E+00   -0.103767135592E+01    0.148837289526E+01    0.115415504919E+00    0.207918600307E+00   -0.269799654898E+00    0.317023797789E+00    0.111713762411E+00    0.964164412797E-02   -0.219916294913E-01    0.741340421437E-02    0.763259661816E-01   -0.416054778619E-02    0.364307653035E-02   -0.117250741705E-01    0.236254230308E-01   -0.106295878173E-02    0.870180975762E-04    0.143938289887E-03    0.256365479902E-03   
  5.75  0.944116070132E+01    0.399830588048E+02    0.225811869487E+01   -0.232120192205E+02   -0.127420923973E+02    0.149207821014E+02   -0.791105277122E+01    0.683666916198E+01   -0.332443989443E+00   -0.153853684968E+01    0.998390160147E+00    0.168911596485E+01    0.496555193217E+00   -0.667662811448E+00    0.991807990296E+00    0.117125873632E-01    0.152895556272E+00   -0.183654201358E+00    0.226772836833E+00    0.542342702682E-01    0.116552243367E-01   -0.154789931037E-01    0.122490150752E-01    0.455281776099E-01   -0.220824047814E-02    0.309587092051E-02   -0.801496302022E-02    0.167627551680E-01   -0.701770745655E-03    0.241133903213E-03    0.249981495145E-03    0.229222046802E-03   
  5.91 -0.284149082519E+02    0.255586696108E+02    0.914797900095E+00   -0.204278789083E+02   -0.786892116516E+01    0.852397347051E+01   -0.527430774366E+01    0.453016940044E+01   -0.764760724927E+00   -0.112133673197E+01    0.727620816405E+00    0.980970579649E+00    0.340138451839E+00   -0.417385818248E+00    0.648305681245E+00   -0.461492488177E-01    0.110549093346E+00   -0.120845460505E+00    0.160910127468E+00    0.184793634082E-01    0.116181402378E-01   -0.106313854465E-01    0.139755878906E-01    0.254978879201E-01   -0.956666191740E-03    0.255862366412E-02   -0.537903852569E-02    0.118421819598E-01   -0.462002390536E-03    0.292778261398E-03    0.293074990423E-03    0.177542620873E-03   
  6.07 -0.512901673182E+02    0.155004392759E+02   -0.497689003529E-03   -0.175941320223E+02   -0.456905889228E+01    0.427311421706E+01   -0.342921462115E+01    0.291997522235E+01   -0.972864497652E+00   -0.810513032098E+00    0.527520459541E+00    0.514865101026E+00    0.229321171974E+00   -0.250315609523E+00    0.412681834074E+00   -0.747702343552E-01    0.782784934599E-01   -0.758738839002E-01    0.113112458318E+00   -0.279626789064E-02    0.104877576506E-01   -0.704805276524E-02    0.138883518841E-01    0.127230568574E-01   -0.195556963808E-03    0.206459184146E-02   -0.354088820167E-02    0.833057512436E-02   -0.303507472713E-03    0.287335493459E-03    0.298146935795E-03    0.120649576238E-03   
  6.22 -0.639089974061E+02    0.859249852746E+01   -0.601151092399E+00   -0.149140379397E+02   -0.237223118497E+01    0.151553399464E+01   -0.215174399680E+01    0.180863701832E+01   -0.103930125397E+01   -0.580873918867E+00    0.380941549434E+00    0.215362310920E+00    0.151251878740E+00   -0.140611059827E+00    0.252704515646E+00   -0.853195242559E-01    0.539352975511E-01   -0.443339282145E-01    0.786175517368E-01   -0.145839287615E-01    0.886562721244E-02   -0.442916334653E-02    0.128225566683E-01    0.479102045009E-02    0.231669053807E-03    0.163068052131E-02   -0.228428101920E-02    0.583561632642E-02   -0.199303044778E-03    0.253216968600E-03    0.281303469624E-03    0.685669461281E-04   
  6.38 -0.696260263283E+02    0.393738393525E+01   -0.973739620344E+00   -0.124912390044E+02   -0.942154071233E+00   -0.213903538840E+00   -0.127860439682E+01    0.105220130134E+01   -0.101982460098E+01   -0.412595417998E+00    0.274465605127E+00    0.293475733041E-01    0.966289720950E-01   -0.700927516833E-01    0.145468683693E+00   -0.852033756900E-01    0.357710605609E-01   -0.227574931013E-01    0.538639654496E-01   -0.202920252107E-01    0.711494906446E-02   -0.254621866083E-02    0.113026201690E-01    0.540315411227E-04    0.439110144731E-03    0.126274241790E-02   -0.144373186256E-02    0.407056583322E-02   -0.131220862788E-03    0.207669239091E-03    0.252911474155E-03    0.256689942745E-04   
  6.54 -0.708064746691E+02    0.877348556629E+00   -0.118383758087E+01   -0.103669664808E+02   -0.396693603311E-01   -0.124453862891E+01   -0.691340670048E+00    0.546249126864E+00   -0.951557831529E+00   -0.290266587735E+00    0.197725632419E+00   -0.803570645915E-01    0.587394343506E-01   -0.260515313636E-01    0.747640639138E-01   -0.792424439610E-01    0.223807544082E-01   -0.845680310909E-02    0.362059160166E-01   -0.222231889219E-01    0.544212839928E-02   -0.122273870436E-02    0.964596760621E-02   -0.260574190405E-02    0.508045911797E-03    0.959609875558E-03   -0.895101124470E-03    0.282715163197E-02   -0.870198669826E-04    0.160687305020E-03    0.219578090953E-03   -0.692813403177E-05   
  6.69 -0.691036799190E+02   -0.106607772067E+01   -0.128063595293E+01   -0.854490061470E+01    0.504250833502E+00   -0.180784273245E+01   -0.304471849175E+00    0.215462908956E+00   -0.858759134901E+00   -0.202039893660E+00    0.142807543604E+00   -0.139597163706E+00    0.327513989904E-01    0.334838666848E-03    0.291695181618E-01   -0.704983286262E-01    0.126476013193E-01    0.621007125260E-03    0.236901445469E-01   -0.219123141915E-01    0.395279721360E-02   -0.321321446040E-03    0.803460050282E-02   -0.394074422958E-02    0.494951578613E-03    0.716027998694E-03   -0.547026648427E-03    0.195495466198E-02   -0.584614937563E-04    0.117637025092E-03    0.185429985673E-03   -0.298424093857E-04   
  6.85 -0.656610819003E+02   -0.223818448525E+01   -0.130062188546E+01   -0.700751045895E+01    0.808215910067E+00   -0.206511652585E+01   -0.566697235343E-01    0.585435163529E-02   -0.756877553315E+00   -0.138901643555E+00    0.103738937201E+00   -0.166195374854E+00    0.151956714509E-01    0.151411895270E-01    0.677494851741E-03   -0.608503622208E-01    0.569248562372E-02    0.602186230898E-02    0.148831770704E-01   -0.203651178595E-01    0.268981020417E-02    0.265329778345E-03    0.656386480254E-02   -0.445278132370E-02    0.437944249842E-03    0.524697596695E-03   -0.333535496170E-03    0.134589841706E-02   -0.400203620858E-04    0.809997230929E-04    0.152948076963E-03   -0.444886531042E-04   
  7.01 -0.612588131085E+02   -0.288599950737E+01   -0.127050343927E+01   -0.572656653291E+01    0.954764344018E+00   -0.212763584753E+01    0.957798532171E-01   -0.121005517288E+00   -0.655393183802E+00   -0.940619002986E-01    0.760634560530E-01   -0.172322391795E+00    0.358722648874E-02    0.225115911467E-01   -0.162957693425E-01   -0.513952550455E-01    0.829396386113E-03    0.889348320998E-02    0.873887708455E-02   -0.182257473893E-01    0.165861951888E-02    0.620878402938E-03    0.527524699770E-02   -0.447272731167E-02    0.361839051465E-03    0.377631775777E-03   -0.207917374031E-03    0.922689588835E-03   -0.280154624132E-04    0.515214517918E-04    0.123519028993E-03   -0.525290332260E-04   
  7.16 -0.564197464616E+02   -0.318456464129E+01   -0.120952511463E+01   -0.466971119460E+01    0.100076984021E+01   -0.207124108319E+01    0.183806734491E+00   -0.192254072226E+00   -0.559795169367E+00   -0.624548495089E-01    0.564935207365E-01   -0.166189501537E+00   -0.385007333429E-02    0.252419628866E-01   -0.256201124103E-01   -0.427216663036E-01   -0.247269868393E-02    0.100753775666E-01    0.449778480027E-02   -0.158939351129E-01    0.843896368780E-03    0.810212477150E-03    0.417808748029E-02   -0.421564882252E-02    0.282028111720E-03    0.267004606536E-03   -0.137794872381E-03    0.630277680977E-03   -0.200209101881E-04    0.289600153296E-04    0.978048257934E-04   -0.555730233386E-04   
  7.32 -0.514859355977E+02   -0.325657752241E+01   -0.113129086262E+01   -0.380439721707E+01    0.984959099964E+00   -0.194685286952E+01    0.229110635632E+00   -0.226880952851E+00   -0.472950237973E+00   -0.403366112297E-01    0.426317829039E-01   -0.153252180666E+00   -0.838297999739E-02    0.251936756971E-01   -0.299587624922E-01   -0.350969281327E-01   -0.462176555459E-02    0.101717673870E-01    0.161124217740E-02   -0.136063950009E-01    0.220149577785E-03    0.883220182900E-03    0.326368478476E-02   -0.381874843016E-02    0.207395807745E-03    0.185637951100E-03   -0.101253867154E-03    0.429595182041E-03   -0.144637264326E-04    0.125616576107E-04    0.759939785638E-04   -0.550326077219E-04   
  7.47 -0.466734858503E+02   -0.318697613111E+01   -0.104518949873E+01   -0.310009867648E+01    0.933319041138E+00   -0.178801259963E+01    0.246766033502E+00   -0.238033831841E+00   -0.396042086011E+00   -0.249662329286E-01    0.327509902946E-01   -0.137062358401E+00   -0.109129686164E-01    0.235855932575E-01   -0.311295556886E-01   -0.285924455731E-01   -0.592895164046E-02    0.960965668351E-02   -0.315355746264E-03   -0.114929731205E-01   -0.241718221576E-03    0.877802954970E-03    0.251423839343E-02   -0.336734726774E-02    0.142465949155E-03    0.127240457590E-03   -0.838710913999E-04    0.293002854223E-03   -0.103477122419E-04    0.135739196774E-05    0.579743349121E-04   -0.520699533243E-04   
  7.63 -0.421117541753E+02   -0.303369424464E+01   -0.957500345212E+00   -0.252941220632E+01    0.862966829270E+00   -0.161625881001E+01    0.247122972706E+00   -0.234701370670E+00   -0.329209893312E+00   -0.143559439142E-01    0.256223357051E-01   -0.119869052020E+00   -0.120800215032E-01    0.211990553581E-01   -0.303611191590E-01   -0.231665953265E-01   -0.662986637810E-02    0.868436160823E-02   -0.156469035344E-02   -0.961504980669E-02   -0.570558870488E-03    0.822321612551E-03    0.190833937633E-02   -0.291257541102E-02    0.889506858418E-04    0.864843212493E-04   -0.764757417655E-04    0.200997962944E-03   -0.706309638311E-05   -0.565979952556E-05    0.434528373907E-04   -0.475967751856E-04   
  7.79 -0.378711977928E+02   -0.283553672038E+01   -0.872243100742E+00   -0.206846648887E+01    0.784904342951E+00   -0.144493627479E+01    0.237187437164E+00   -0.222935100822E+00   -0.271976995370E+00   -0.707794748590E-02    0.203832836428E-01   -0.103039411369E+00   -0.123371737666E-01    0.185208036976E-01   -0.284738025194E-01   -0.187184210978E-01   -0.690162688962E-02    0.759471494760E-02   -0.233857334023E-02   -0.799152671918E-02   -0.792890750211E-03    0.737599170459E-03    0.142419066250E-02   -0.248333887793E-02    0.468428989112E-04    0.589818971890E-04   -0.734957026440E-04    0.139849851091E-03   -0.425508061575E-05   -0.943537895641E-05    0.320385535904E-04   -0.422997275727E-04   
  7.94 -0.339830285595E+02   -0.261790265450E+01   -0.791824514350E+00   -0.169691870230E+01    0.705966293893E+00   -0.128187539552E+01    0.221618475357E+00   -0.206731374551E+00   -0.223534096119E+00   -0.211660751180E-02    0.164370224564E-01   -0.873520681211E-01   -0.120039380939E-01    0.158418952116E-01   -0.260068924833E-01   -0.151214707631E-01   -0.687637000464E-02    0.646993132289E-02   -0.278067959510E-02   -0.661617998415E-02   -0.931930525838E-03    0.638563337890E-03    0.104136491903E-02   -0.209435510127E-02    0.151669918449E-04    0.412056872881E-04   -0.717588805358E-04    0.999109661241E-04   -0.173319912671E-05   -0.108032689181E-04    0.232997307916E-04   -0.366763027146E-04   
  8.10 -0.304529749218E+02   -0.239691116583E+01   -0.717524894903E+00   -0.139772067008E+01    0.630188115284E+00   -0.113126149818E+01    0.203444244004E+00   -0.188663827218E+00   -0.182922396535E+00    0.124343524793E-02    0.133768905378E-01   -0.732000622507E-01   -0.113045256610E-01    0.133255744545E-01   -0.233076310298E-01   -0.122443026105E-01   -0.665186607906E-02    0.538984777664E-02   -0.299307849078E-02   -0.546905058345E-02   -0.100730969088E-02    0.535588825871E-03    0.741645352148E-03   -0.175150169072E-02   -0.752098666369E-05    0.303811081173E-04   -0.696416717036E-04    0.744161881187E-04    0.590816064199E-06   -0.104667129148E-04    0.168021694139E-04   -0.310723739664E-04   
  8.26 -0.272708254336E+02   -0.218234970302E+01   -0.649859473745E+00   -0.115677187936E+01    0.559758417611E+00   -0.994926528498E+00    0.184572807088E+00   -0.170333631805E+00   -0.149148485354E+00    0.350106954673E-02    0.109302669603E-01   -0.607300295190E-01   -0.103951569444E-01    0.110533882243E-01   -0.205931840383E-01   -0.996218663608E-02   -0.629978925597E-02    0.439997789257E-02   -0.304817892059E-02   -0.452375121979E-02   -0.103518733293E-02    0.435586503920E-03    0.509311919133E-03   -0.145533956537E-02   -0.228134377488E-04    0.243710541886E-04   -0.664771790646E-04    0.586327141622E-04    0.274514730194E-05   -0.899754035791E-05    0.121340275328E-04   -0.257167572501E-04   
  8.41 -0.244169676984E+02   -0.197976061888E+01   -0.588842914590E+00   -0.962532223702E+00    0.495675684013E+00   -0.873231522467E+00    0.166153789428E+00   -0.152687402497E+00   -0.121253234662E+00    0.500083557754E-02    0.891744539022E-02   -0.499366878194E-01   -0.938356503640E-02    0.905615415231E-02   -0.179935371482E-01   -0.816311201249E-02   -0.587211524223E-02    0.352255896376E-02   -0.299730826491E-02   -0.375200543782E-02   -0.102857178104E-02    0.342878542202E-03    0.331109517641E-03   -0.120340339038E-02   -0.322579889413E-04    0.215638503704E-04   -0.621541685029E-04    0.492600121889E-04    0.472590530677E-05   -0.684570106268E-05    0.892075480174E-05   -0.207507632005E-04   
  8.57 -0.218668000915E+02   -0.179190187601E+01   -0.534179647925E+00   -0.805637794004E+00    0.438195753427E+00   -0.765661216961E+00    0.148832229023E+00   -0.136239537171E+00   -0.983501464718E-01    0.597848470072E-02    0.722190311767E-02   -0.407261551885E-01   -0.834292423561E-02    0.733446759751E-02   -0.155810050470E-01   -0.675021680476E-02   -0.540603834390E-02    0.276454206412E-02   -0.287683913953E-02   -0.312633512160E-02   -0.997733004332E-03    0.259893358946E-03    0.196049021010E-03   -0.991665630817E-03   -0.372510235815E-04    0.207710533314E-04   -0.568534120095E-04    0.440071471186E-04    0.651523184926E-05   -0.435385133944E-05    0.683290232316E-05   -0.162522262947E-04   
  8.73 -0.195936480788E+02   -0.161975689912E+01   -0.485398045183E+00   -0.678543702467E+00    0.387132399471E+00   -0.671217825222E+00    0.132924975148E+00   -0.121226021520E+00   -0.796438025686E-01    0.659402468722E-02    0.576913175543E-02   -0.329576806904E-01   -0.732180462585E-02    0.587204650418E-02   -0.133903910732E-01   -0.564206049502E-02   -0.492772805767E-02    0.212327808797E-02   -0.271254268727E-02   -0.262152997509E-02   -0.950634249141E-03    0.187710094445E-03    0.951345114544E-04   -0.815451203964E-03   -0.389887418352E-04    0.211381333103E-04   -0.508809639367E-04    0.412952996849E-04    0.809247997666E-05   -0.177373722194E-05    0.558888495831E-05   -0.122543126420E-04   
  8.88 -0.175706382368E+02   -0.146322254103E+01   -0.441942609409E+00   -0.575205546246E+00    0.342055632945E+00   -0.588676021836E+00    0.118541809052E+00   -0.107709443527E+00   -0.644357019925E-01    0.695540931912E-02    0.451182058698E-02   -0.264705419412E-01   -0.635129625170E-02    0.464422360473E-02   -0.114326507665E-01   -0.477167726306E-02   -0.445518344598E-02    0.159048860406E-02   -0.252266845919E-02   -0.221533366692E-02   -0.893342233557E-03    0.126478783723E-03    0.210720945898E-04   -0.669990482995E-03   -0.384547941158E-04    0.220688753471E-04   -0.445682627198E-04    0.400483014940E-04    0.944062019774E-05    0.717571097934E-06    0.495427885114E-05   -0.875978901253E-05   
  9.04 -0.157718533620E+02   -0.132156950934E+01   -0.403235226412E+00   -0.490803440676E+00    0.302419508537E+00   -0.516743090017E+00    0.105667414963E+00   -0.956495710630E-01   -0.521224150998E-01    0.713530910803E-02    0.341969123900E-02   -0.211008468100E-01   -0.545011747334E-02    0.362319066296E-02   -0.970406737162E-02   -0.408501599700E-02   -0.400039101406E-02    0.115497616121E-02   -0.232011629518E-02   -0.188864188394E-02   -0.830395136968E-03    0.757391171843E-04   -0.320088803347E-04   -0.550737132702E-03   -0.364297869249E-04    0.231630184126E-04   -0.382170640004E-04    0.395448801131E-04    0.105494210063E-04    0.300267935761E-05    0.473885915017E-05   -0.575155874675E-05   
  9.20 -0.141729982009E+02   -0.119374374262E+01   -0.368713987848E+00   -0.421508005618E+00    0.267641919379E+00   -0.454155144155E+00    0.942158669862E-01   -0.849498597965E-01   -0.421893446534E-01    0.718282222789E-02    0.247268896318E-02   -0.166915442743E-01   -0.462828630570E-02    0.278110071441E-02   -0.819234544643E-02   -0.353914707448E-02   -0.357094829341E-02    0.804420871033E-03   -0.211396506846E-02   -0.162541031813E-02   -0.765120092685E-03    0.346575763891E-04   -0.688068485330E-04   -0.453535393629E-03   -0.335126187409E-04    0.241659263722E-04   -0.320734479643E-04    0.393141146471E-04    0.114165178560E-04    0.501063477260E-05    0.479228606220E-05   -0.320025032207E-05   
  9.35 -0.127517376608E+02   -0.107855804044E+01   -0.337856070383E+00   -0.364285190039E+00    0.237152166565E+00   -0.399730990892E+00    0.840660192206E-01   -0.754873285440E-01   -0.342022519450E-01    0.713152881013E-02    0.165655710971E-02   -0.130979355339E-01   -0.388976531356E-02    0.209178340633E-02   -0.688060222220E-02   -0.310046420871E-02   -0.317127987660E-02    0.526524759648E-03   -0.191054871908E-02   -0.141240325498E-02   -0.699899357162E-03    0.219981394951E-05   -0.930653813274E-04   -0.374692977676E-03   -0.301470059122E-04    0.249287541566E-04   -0.263198493393E-04    0.390611611542E-04    0.120471662522E-04    0.670564003065E-05    0.499911101485E-05   -0.106955410938E-05   
  9.51 -0.114878207567E+02   -0.974809117578E+00   -0.310189548727E+00   -0.316735629850E+00    0.210417292317E+00   -0.352398527099E+00    0.750837885069E-01   -0.671310961673E-01   -0.277979293443E-01    0.700493623731E-02    0.960072109884E-03   -0.101902619763E-01   -0.323437106542E-02    0.153158337473E-02   -0.574993550945E-02   -0.274300943550E-02   -0.280354415151E-02    0.309698723530E-03   -0.171421536218E-02   -0.123886712234E-02   -0.636388495928E-03   -0.227475539784E-04   -0.107756390470E-03   -0.310996509521E-03   -0.266489955646E-04    0.253774911856E-04   -0.210775450209E-04    0.386142335260E-04    0.124532398165E-04    0.807768938527E-05    0.527358607783E-05    0.680113905721E-06   
  9.67 -0.103630688040E+02   -0.881344914866E+00   -0.285297760887E+00   -0.276963853526E+00    0.186954747373E+00   -0.311203852439E+00    0.671355737936E-01   -0.597533156203E-01   -0.226748732279E-01    0.682008901327E-02    0.373409633436E-03   -0.785444541228E-02   -0.265915446491E-02    0.107966157683E-02   -0.478103576274E-02   -0.244698457871E-02   -0.246830635472E-02    0.143435484730E-03   -0.152786550001E-02   -0.109618182233E-02   -0.575691972357E-03   -0.412940224601E-04   -0.115231628256E-03   -0.259693532940E-03   -0.232329696351E-04    0.254893310373E-04   -0.164145701862E-04    0.378865772678E-04    0.126518602784E-04    0.913498289417E-05    0.555461034651E-05    0.208916100047E-05   
  9.82 -0.936128165436E+01   -0.797099497439E+00   -0.262818867407E+00   -0.243472746892E+00    0.166336544565E+00   -0.275309954990E+00    0.600957924354E-01   -0.532351144397E-01   -0.185844574155E-01    0.658990781656E-02   -0.112740066455E-03   -0.599170629689E-02   -0.215939847387E-02    0.717982606074E-03   -0.395516244436E-02   -0.219747196214E-02   -0.216503578040E-02    0.184726999471E-04   -0.135333669517E-02   -0.977521447728E-03   -0.518502254197E-03   -0.544915927459E-04   -0.117346262140E-03   -0.218456484160E-03   -0.200348088926E-04    0.252749633065E-04   -0.123558423982E-04    0.368490886904E-04    0.126639182071E-04    0.989791683097E-05    0.580103024700E-05    0.319722580594E-05   
  9.98 -0.846809829975E+01   -0.721107473203E+00   -0.242442497889E+00   -0.215079045724E+00    0.148188352297E+00   -0.243989513867E+00    0.538506044012E-01   -0.474693427185E-01   -0.153228736488E-01    0.632466470939E-02   -0.507578652134E-03   -0.451754309754E-02   -0.172933759325E-02    0.431131449639E-03   -0.325470240978E-02   -0.198336281607E-02   -0.189247113248E-02   -0.731792211225E-04   -0.119168157424E-02   -0.877541925005E-03   -0.465208502108E-03   -0.633028301414E-04   -0.115558696749E-03   -0.185338328109E-03   -0.171316548328E-04    0.247655658132E-04   -0.889353535757E-05    0.355105564670E-04    0.125126494188E-04    0.103944279159E-04    0.598742138955E-05    0.404218255450E-05   
 10.14 -0.767083590979E+01   -0.652506016555E+00   -0.223904811498E+00   -0.190846104134E+00    0.132185799874E+00   -0.216614764316E+00    0.482992454788E-01   -0.423613541724E-01   -0.127239547347E-01    0.603288384751E-02   -0.820316566422E-03   -0.336038888000E-02   -0.136267379506E-02    0.206049620003E-03   -0.266345732542E-02   -0.179647824638E-02   -0.164888731172E-02   -0.138292106222E-03   -0.104337152856E-02   -0.792104003445E-03   -0.415980428519E-03   -0.685845394356E-04   -0.111010682608E-03   -0.158725806690E-03   -0.145581930321E-04    0.240034648277E-04   -0.599660269636E-05    0.339034139701E-04    0.122223643316E-04    0.106564715263E-04    0.610041303267E-05    0.465955098425E-05   
 10.29 -0.695832283292E+01   -0.590529868279E+00   -0.206982875222E+00   -0.170030702602E+00    0.118049452822E+00   -0.192646279450E+00    0.433539297356E-01   -0.378286399508E-01   -0.106529014162E-01    0.572187024571E-02   -0.106012825031E-02   -0.246014701576E-02   -0.105294269942E-02    0.317450818308E-04   -0.216675860841E-02   -0.163086099824E-02   -0.143228872691E-02   -0.182521605783E-03   -0.908448315190E-03   -0.718034258172E-03   -0.370832239398E-03   -0.710823627905E-04   -0.104591351159E-03   -0.137293812474E-03   -0.123196687464E-04    0.230356113748E-04   -0.361891854132E-05    0.320735160303E-04    0.118173796415E-04    0.107174295578E-04    0.613556833032E-05    0.508217740849E-05   
 10.45 -0.632073521624E+01   -0.534502790964E+00   -0.191488952596E+00   -0.152041161770E+00    0.105539363077E+00   -0.171621787859E+00    0.389389576889E-01   -0.337998514240E-01   -0.900087744430E-02    0.539800587285E-02   -0.123602994699E-02   -0.176673066266E-02   -0.793769043553E-03   -0.100992758178E-03   -0.175147530352E-02   -0.148221396218E-02   -0.124054797078E-02   -0.210530997846E-03   -0.786638709462E-03   -0.652923301901E-03   -0.329670835861E-03   -0.714327167038E-04   -0.969883096853E-04   -0.119962837144E-03   -0.104019975392E-04    0.219091842111E-04   -0.170586015072E-05    0.300728823468E-04    0.113211689434E-04    0.106102656778E-04    0.609480064718E-05    0.534009426614E-05   
 10.61 -0.574944290363E+01   -0.483827659560E+00   -0.177265070909E+00   -0.136404489670E+00    0.944497284979E-01   -0.153145659851E+00    0.349894415480E-01   -0.302135527567E-01   -0.768040597263E-02    0.506690680446E-02   -0.135673323880E-02   -0.123867903312E-02   -0.579040040318E-03   -0.199856502387E-03   -0.140595792321E-02   -0.134746169559E-02   -0.107150396770E-02   -0.226121333839E-03   -0.677442521349E-03   -0.594958443174E-03   -0.292331737967E-03   -0.701693849607E-04   -0.887284106054E-04   -0.105860455103E-03   -0.877939613210E-05    0.206687711251E-04   -0.199372077980E-06    0.279546443143E-04    0.107557272829E-04    0.103662702309E-04    0.598428512332E-05    0.546049572472E-05   
 10.76 -0.523686760171E+01   -0.437976488498E+00   -0.164178076002E+00   -0.122740698266E+00    0.846039530670E-01   -0.136879380098E+00    0.314499044189E-01   -0.270169113076E-01   -0.662148547811E-02    0.473350285022E-02   -0.143050581974E-02   -0.841889478786E-03   -0.403017775457E-03   -0.271255314345E-03   -0.111994623287E-02   -0.122441301175E-02   -0.923030132807E-03   -0.232358047776E-03   -0.580201000790E-03   -0.542787062189E-03   -0.258605542990E-03   -0.677328018125E-04   -0.802103270475E-04   -0.942871906168E-04   -0.741996488576E-05    0.193546991813E-04    0.958332271568E-06    0.257696358104E-04    0.101411314432E-04    0.100142614760E-04    0.581281257944E-05    0.546778814309E-05   
 10.92 -0.477635455645E+01   -0.396481115878E+00   -0.152115274178E+00   -0.110742776658E+00    0.758502435635E-01   -0.122533126416E+00    0.282729060187E-01   -0.241644453457E-01   -0.576833892526E-02    0.440207852741E-02   -0.146505630890E-02   -0.548482512612E-03   -0.260406437441E-03   -0.320518683765E-03   -0.884458933888E-03   -0.111150517486E-02   -0.793080404828E-03   -0.231688311681E-03   -0.494150449410E-03   -0.495406638042E-03   -0.228257164170E-03   -0.644806219338E-04   -0.717306440112E-04   -0.846867493910E-04   -0.628962597752E-05    0.180021826489E-04    0.182222347072E-05    0.235642111007E-04    0.949527053154E-05    0.958013269980E-05    0.559052746902E-05    0.538368866463E-05   
 11.08 -0.436205787662E+01   -0.358924891195E+00   -0.140980687808E+00   -0.100161104748E+00    0.680577825011E-01   -0.109858455109E+00    0.254177783578E-01   -0.216168908698E-01   -0.507671177028E-02    0.407629882506E-02   -0.146745024897E-02   -0.335803169273E-03   -0.146386282122E-03   -0.352070570270E-03   -0.691676566113E-03   -0.100761296284E-02   -0.679719012303E-03   -0.226046237838E-03   -0.418464387019E-03   -0.452077408661E-03   -0.201039617805E-03   -0.606986071237E-04   -0.635048185596E-04   -0.766203852373E-04   -0.535477656412E-05    0.166410367909E-04    0.244284284791E-05    0.213789744877E-04    0.883371846216E-05    0.908665529634E-05    0.532799093876E-05    0.522735477349E-05   
 11.23 -0.398883896947E+01   -0.324935480981E+00   -0.130691904869E+00   -0.907913372800E-01    0.611134608471E-01   -0.986420259790E-01    0.228495102851E-01   -0.193402128839E-01   -0.451163992153E-02    0.375923289922E-02   -0.144405836158E-02   -0.185553875868E-03   -0.566233707422E-04   -0.369576631402E-03   -0.534824605512E-03   -0.911908539285E-03   -0.581138339569E-03   -0.216944880701E-03   -0.352286651924E-03   -0.412253912947E-03   -0.176703732529E-03   -0.566111878757E-04   -0.556840714495E-04   -0.697450620500E-04   -0.458396416044E-05    0.152957689616E-04    0.286541416393E-05    0.192481800545E-04    0.816971983827E-05    0.855346584111E-05    0.503551267283E-05    0.501553373432E-05   
 11.39 -0.365217717756E+01   -0.294178770340E+00   -0.121177475337E+00   -0.824649897995E-01    0.549191238501E-01   -0.887002664618E-01    0.205377920721E-01   -0.173047644622E-01   -0.404561615427E-02    0.345338216594E-02   -0.140053456563E-02   -0.830494080850E-04    0.127380165617E-04   -0.376067854544E-03   -0.408060911689E-03   -0.823760553233E-03   -0.495668146463E-03   -0.205555159137E-03   -0.294757177247E-03   -0.375532045906E-03   -0.155004836239E-03   -0.523913015400E-04   -0.483690397404E-04   -0.637950231963E-04   -0.394883888812E-05    0.139859081294E-04    0.312949496273E-05    0.171996146954E-04    0.751426245554E-05    0.799718045589E-05    0.472269982078E-05    0.476272459841E-05   
 11.55 -0.334809152318E+01   -0.266353764964E+00   -0.112374793309E+00   -0.750421215231E-01    0.493892697070E-01   -0.798748617345E-01    0.184562148667E-01   -0.154845845236E-01   -0.365709157066E-02    0.316071511529E-02   -0.134181940786E-02   -0.165822695394E-04    0.650950059266E-04   -0.374043987101E-03   -0.306369866878E-03   -0.742663085166E-03   -0.421778568229E-03   -0.192772511265E-03   -0.245031766144E-03   -0.341608682679E-03   -0.135707223158E-03   -0.481692855830E-04   -0.416208367002E-04   -0.585663703907E-04   -0.342458799994E-05    0.127264724077E-04    0.326901136165E-05    0.152548194240E-04    0.687621250360E-05    0.743159255418E-05    0.439817706700E-05    0.448134771031E-05   
 11.70 -0.307307240896E+01   -0.241188365253E+00   -0.104228398630E+00   -0.684056413476E-01    0.444491374085E-01   -0.720289577271E-01    0.165816110401E-01   -0.138568190476E-01   -0.332925679210E-02    0.288270875216E-02   -0.127216382388E-02    0.231139098768E-04    0.103413746898E-03   -0.365559942471E-03   -0.225464396050E-03   -0.668186953033E-03   -0.358078706109E-03   -0.179272461283E-03   -0.202296909452E-03   -0.310251353523E-03   -0.118587005347E-03   -0.440407292813E-04   -0.354700230895E-04   -0.539042665929E-04   -0.299001417575E-05    0.115285035763E-04    0.331254967371E-05    0.134295365179E-04    0.626249185472E-05    0.686792056879E-05    0.406943810408E-05    0.418191793928E-05   
 11.86 -0.282402214290E+01   -0.218435875947E+00   -0.966886325155E-01   -0.624568677821E-01    0.400331226210E-01   -0.650439711379E-01    0.148935174912E-01   -0.124012481861E-01   -0.304905524892E-02    0.262039530077E-02   -0.119516812798E-02    0.433151879976E-04    0.130261935837E-03   -0.352298005642E-03   -0.161696335267E-03   -0.599947488597E-03   -0.303312160048E-03   -0.165556429826E-03   -0.165780498041E-03   -0.281275853721E-03   -0.103433799764E-03   -0.400732723286E-04   -0.299238845031E-04   -0.496924025004E-04   -0.262738147660E-05    0.103996197486E-04    0.328380590835E-05    0.117342958647E-04    0.567828034161E-05    0.631508078611E-05    0.374279496188E-05    0.387321862412E-05   
 12.02 -0.259820322039E+01   -0.197872120853E+00   -0.897105859450E-01   -0.571120562838E-01    0.360834661077E-01   -0.588169112356E-01    0.133737430278E-01   -0.110999017875E-01   -0.280638796908E-02    0.237441227853E-02   -0.111383152807E-02    0.496838661772E-04    0.147843912114E-03   -0.335628264475E-03   -0.111975169446E-03   -0.537584214050E-03   -0.256350512007E-03   -0.151989134500E-03   -0.134759145574E-03   -0.254530036898E-03   -0.900515848637E-04   -0.363123941716E-04   -0.249723258585E-04   -0.458443975714E-04   -0.232212151371E-05    0.934455382850E-05    0.320211851168E-05    0.101750746010E-04    0.512722928504E-05    0.577996721963E-05    0.342339750847E-05    0.356247368077E-05   
 12.17 -0.239319338427E+01   -0.179293045923E+00   -0.832532857697E-01   -0.522996724805E-01    0.325491661685E-01   -0.532581301921E-01    0.120060217631E-01   -0.993674720574E-02   -0.259347555967E-02    0.214505396577E-02   -0.103060807788E-02    0.465813374237E-04    0.158036585882E-03   -0.316659303703E-03   -0.736948915580E-04   -0.480748921997E-03   -0.216185511352E-03   -0.138828859575E-03   -0.108562734018E-03   -0.229882361351E-03   -0.782589722112E-04   -0.327862713268E-04   -0.205926304139E-04   -0.422968403037E-04   -0.206246700094E-05    0.836565748213E-05    0.308303019136E-05    0.875398084967E-05    0.461167565107E-05    0.526772581717E-05    0.311530078256E-05    0.325551565269E-05   
 12.33 -0.220684658188E+01   -0.162512710629E+00   -0.772790705635E-01   -0.479582405684E-01    0.293850738227E-01   -0.482894305745E-01    0.107757362245E-01   -0.889743523694E-02   -0.240434860392E-02    0.193232247584E-02   -0.947465680052E-03    0.373266829032E-04    0.162424923988E-03   -0.296280845299E-03   -0.446685781278E-04   -0.429099522220E-03   -0.181920520436E-03   -0.126251760658E-03   -0.865767111934E-04   -0.207214035983E-03   -0.678890722742E-04   -0.295097976245E-04   -0.167532821151E-04   -0.390037063563E-04   -0.183905974740E-05    0.746335903850E-05    0.293884130369E-05    0.746992585885E-05    0.413284893788E-05    0.478201445886E-05    0.282156253723E-05    0.295694777124E-05   
 12.48 -0.203725903705E+01   -0.147361584806E+00   -0.717531153855E-01   -0.440346356784E-01    0.265511363259E-01   -0.438424697084E-01    0.966969603928E-02   -0.796909219710E-02   -0.223444248702E-02    0.173597693553E-02   -0.865945454489E-03    0.244093630088E-04    0.162336089736E-03   -0.275199712548E-03   -0.230701895422E-04   -0.382297698923E-03   -0.152761632363E-03   -0.114371236406E-03   -0.682425990177E-04   -0.186413847037E-03   -0.587890844010E-04   -0.264878690499E-04   -0.134170128359E-04   -0.359319256028E-04   -0.164456463638E-05    0.663656985750E-05    0.277913035971E-05    0.631925968506E-05    0.369106525497E-05    0.432524337809E-05    0.254435744718E-05    0.267029837608E-05   
 12.64 -0.188273975025E+01   -0.133685084179E+00   -0.666430714619E-01   -0.404827195831E-01    0.240117607957E-01   -0.398574105249E-01    0.867596031104E-02   -0.714014826803E-02   -0.208027676948E-02    0.155557963558E-02   -0.787219437898E-03    0.966328367808E-05    0.158871622402E-03   -0.253970237939E-03   -0.738306182351E-05   -0.340008953145E-03   -0.128008762008E-03   -0.103253260860E-03   -0.530571087784E-04   -0.167374942669E-03   -0.508197048002E-04   -0.237180341929E-04   -0.105432072829E-04   -0.330578995802E-04   -0.147330938811E-05    0.588303790255E-05    0.261122717767E-05    0.529635417632E-05    0.328590498679E-05    0.389879302195E-05    0.228509785533E-05    0.239816633852E-05   
 12.80 -0.174178482742E+01   -0.121342292004E+00   -0.619187930179E-01   -0.372622426871E-01    0.217352750838E-01   -0.362817771145E-01    0.778369392848E-02   -0.640019416383E-02   -0.193920271428E-02    0.139053835532E-02   -0.712145154581E-03   -0.559146962372E-05    0.152937268761E-03   -0.233020023865E-03    0.364545725663E-05   -0.301904014033E-03   -0.107046926895E-03   -0.929284367253E-04   -0.405702033386E-04   -0.149993013720E-03   -0.438544199184E-04   -0.211926059750E-04   -0.808977579307E-05   -0.303647986157E-04   -0.132096130954E-05    0.519965002836E-05    0.244063155271E-05    0.439412375779E-05    0.291637200561E-05    0.350320811603E-05    0.204455375417E-05    0.214235644018E-05   
 12.95 -0.161305511791E+01   -0.110204826320E+00   -0.575521289872E-01   -0.343379533388E-01    0.196934675565E-01   -0.330694805342E-01    0.698304997042E-02   -0.573985984374E-02   -0.180920551378E-02    0.124014437500E-02   -0.641316084773E-03   -0.204338331649E-04    0.145270253449E-03   -0.212671794664E-03    0.110437708539E-04   -0.267660913458E-03   -0.893378699342E-04   -0.834014073362E-04   -0.303823947735E-04   -0.134165440282E-03   -0.377787334310E-04   -0.189003222263E-04   -0.601458732197E-05   -0.278404930353E-04   -0.118424608670E-05    0.458268623044E-05    0.227137552527E-05    0.360447969623E-05    0.258103361848E-05    0.313836794642E-05    0.182296697385E-05    0.190400396898E-05   
 13.11 -0.149535671234E+01   -0.100155822194E+00   -0.535167620546E-01   -0.316788693585E-01    0.178611911849E-01   -0.301799865589E-01    0.626507202535E-02   -0.515071040275E-02   -0.168875022434E-02    0.110360595126E-02   -0.575107454447E-03   -0.342493018879E-04    0.136463907484E-03   -0.193161942470E-03    0.156507223219E-04   -0.236967251051E-03   -0.744121266037E-04   -0.746581558859E-04   -0.221415190564E-04   -0.119791079255E-03   -0.324893612144E-04   -0.168276332372E-04   -0.427654040720E-05   -0.254759952589E-04   -0.106070947115E-05    0.402803009027E-05    0.210633085219E-05    0.291871738882E-05    0.227814135679E-05    0.280363373012E-05    0.162015633995E-05    0.168368809284E-05   
 13.27 -0.138762391331E+01   -0.910890062617E-01   -0.497880814626E-01   -0.292576772471E-01    0.162160203860E-01   -0.275776021531E-01    0.562161163740E-02   -0.462515542008E-02   -0.157666246648E-02    0.980077241544E-03   -0.513717084722E-03   -0.466559039502E-04    0.126989672616E-03   -0.174656261568E-03    0.181457162838E-04   -0.209522348046E-03   -0.618616013783E-04   -0.666716255457E-04   -0.155391870198E-04   -0.106770451995E-03   -0.278934186942E-04   -0.149596845554E-04   -0.283633793706E-05   -0.232643093728E-04   -0.948519978601E-06    0.353134011597E-05    0.194746550662E-05    0.232783900622E-05    0.200573338494E-05    0.249797450778E-05    0.143561194731E-05    0.148153385369E-05   
 13.42 -0.128890434575E+01   -0.829078470034E-01   -0.463430792933E-01   -0.270502325915E-01    0.147379514873E-01   -0.252308616172E-01    0.504525723093E-02   -0.415636896186E-02   -0.147203664733E-02    0.868682822771E-03   -0.457201278721E-03   -0.574453257478E-04    0.117216570054E-03   -0.157263280781E-03    0.190747494820E-04   -0.185039112001E-03   -0.513326893680E-04   -0.594060130677E-04   -0.103070728769E-04   -0.950061571472E-04   -0.239076177987E-04   -0.132810536668E-04   -0.165702153856E-05   -0.211996020704E-04   -0.846309066570E-06    0.308818678262E-05    0.179605428685E-05    0.182281572797E-05    0.176171975182E-05    0.222007332624E-05    0.126857773002E-05    0.129730287442E-05   
 13.58 -0.119834592073E+01   -0.755247688978E-01   -0.431602625944E-01   -0.250351412982E-01    0.134091396154E-01   -0.231119967727E-01    0.452927178087E-02   -0.373821815099E-02   -0.137416586181E-02    0.768538064632E-03   -0.405505899278E-03   -0.665364282438E-04    0.107428270999E-03   -0.141045536146E-03    0.188727992684E-04   -0.163245521686E-03   -0.425199573568E-04   -0.528200203159E-04   -0.621316808737E-05   -0.844033849559E-04   -0.204574855758E-04   -0.117762901848E-04   -0.704312892102E-06   -0.192766238608E-04   -0.753044411642E-06    0.269415994253E-05    0.165284917035E-05    0.139479501081E-05    0.154395200573E-05    0.196841564883E-05    0.111812225985E-05    0.113047308777E-05   
 13.74 -0.111518540656E+01   -0.688604220334E-01   -0.402195758308E-01   -0.231934059357E-01    0.122136663139E-01   -0.211964783174E-01    0.406753721510E-02   -0.336519876525E-02   -0.128248877896E-02    0.678765693478E-03   -0.358492912738E-03   -0.739388486549E-04    0.978379379245E-04   -0.126029072682E-03    0.178829858476E-04   -0.143885701145E-03   -0.351603821025E-04   -0.468692916052E-04   -0.305809918269E-05   -0.748704485212E-04   -0.174766128106E-04   -0.104303009943E-04    0.531980255741E-07   -0.174903223557E-04   -0.667931599838E-06    0.234495099370E-05    0.151821511771E-05    0.103525898536E-05    0.135027882843E-05    0.174136197765E-05    0.983198226906E-06    0.980307972230E-06   
 13.89 -0.103873839556E+01   -0.628430012702E-01   -0.375023297963E-01   -0.215081249865E-01    0.111373333712E-01   -0.194626177249E-01    0.365450409040E-02   -0.303237673654E-02   -0.119654975922E-02    0.598508926958E-03   -0.315962752551E-03   -0.797247684649E-04    0.886010234880E-04   -0.112211421291E-03    0.163728919032E-04   -0.126720591104E-03   -0.290281317874E-04   -0.415082182534E-04   -0.671583163973E-06   -0.663192770728E-04   -0.149059382446E-04   -0.922861454727E-05    0.643984091993E-06   -0.158356004510E-04   -0.590339619698E-06    0.203641382549E-05    0.139223678138E-05    0.736140308369E-06    0.117858939918E-05    0.153720663594E-05    0.862691398358E-06    0.845915918965E-06   
 14.05 -0.968390484406E+00   -0.574076107815E-01   -0.349911343833E-01   -0.199642354874E-01    0.101674792399E-01   -0.178912208768E-01    0.328514550354E-02   -0.273533472712E-02   -0.111596921342E-02    0.526941578198E-03   -0.277672900330E-03   -0.840072574205E-04    0.798262215483E-04   -0.995682621547E-04    0.145483907367E-04   -0.111528250095E-03   -0.239298679591E-04   -0.366912539429E-04    0.109092700818E-05   -0.586658382164E-04   -0.126930720090E-04   -0.815755221159E-05    0.109360339421E-05   -0.143071815412E-04   -0.519745842605E-06    0.176460815111E-05    0.127480113041E-05    0.489901721956E-06    0.102684616803E-05    0.135422456435E-05    0.755460052923E-06    0.726300452463E-06   
 14.21 -0.903589511475E+00   -0.524956709768E-01   -0.326698335601E-01   -0.185482915736E-01    0.929281512314E-02   -0.164652860834E-01    0.295491451042E-02   -0.247012317709E-02   -0.104042183452E-02    0.463275527896E-03   -0.243353099743E-03   -0.869238811332E-04    0.715847646084E-04   -0.880589575114E-04    0.125653020748E-04   -0.981038310918E-04   -0.197005394289E-04   -0.323738539622E-04    0.235137180307E-05   -0.518304720066E-04   -0.107916603844E-04   -0.720432919062E-05    0.142478937643E-05   -0.128995517199E-04   -0.455696620628E-06    0.152582841528E-05    0.116566045427E-05    0.289585272621E-06    0.893108632833E-06    0.119070785386E-05    0.660365987515E-06    0.620402092813E-06   
 14.36 -0.843838715800E+00   -0.480543655567E-01   -0.305234416004E-01   -0.172482729870E-01    0.850327833742E-02   -0.151697403436E-01    0.265970455224E-02   -0.223321537089E-02   -0.969620833976E-03    0.406765948175E-03   -0.212717616740E-03   -0.886244939973E-04    0.639182561963E-04   -0.776311129551E-04    0.105391637093E-04   -0.862592853425E-04   -0.161996358782E-04   -0.285131269410E-04    0.321196859393E-05   -0.457381309064E-04   -0.916079288189E-05   -0.635710299347E-05    0.165758951158E-05   -0.116069554236E-04   -0.397780117492E-06    0.131662105563E-05    0.106447962511E-05    0.128836701433E-06    0.775549600466E-06    0.104499358741E-05    0.576298213085E-06    0.527132680902E-06   
 14.52 -0.788690701061E+00   -0.440361268946E-01   -0.285380801017E-01   -0.160534188016E-01    0.778990096437E-02   -0.139912086569E-01    0.239581254734E-02   -0.202146617644E-02   -0.903306717288E-03    0.356714637965E-03   -0.185474943828E-03   -0.892623354930E-04    0.568452170087E-04   -0.682243062113E-04    0.855337746478E-05   -0.758228459183E-04   -0.133078668497E-04   -0.250682682189E-04    0.375783977301E-05   -0.403185273208E-04   -0.776445177918E-05   -0.560498365892E-05    0.180953681503E-05   -0.104234263356E-04   -0.345608504826E-06    0.113379250851E-05    0.970870917810E-06    0.190998503742E-08    0.672465272657E-06    0.915484403823E-06    0.502190425454E-06    0.445402993822E-06   
 14.68 -0.737742103620E+00   -0.403981581755E-01   -0.267009156683E-01   -0.149540825262E-01    0.714469211936E-02   -0.129178120000E-01    0.215990441663E-02   -0.183207418090E-02   -0.841239456198E-03    0.312471799506E-03   -0.161335320986E-03   -0.889877119822E-04    0.503665113855E-04   -0.597731050352E-04    0.666595991448E-05   -0.666383410235E-04   -0.109242310127E-04   -0.220008285728E-04    0.405938489284E-05   -0.355061953113E-04   -0.657100359435E-05   -0.493801682690E-05    0.189584160230E-05   -0.934283974918E-05   -0.298807139486E-06    0.974409992579E-06    0.884419143764E-06   -0.963435669459E-07    0.582280349463E-06    0.800663034700E-06    0.437033269397E-06    0.374144464065E-06   
 14.83 -0.690628877199E+00   -0.371019908186E-01   -0.250000983517E-01   -0.139416054544E-01    0.656053240489E-02   -0.119389902233E-01    0.194898288269E-02   -0.166254699245E-02   -0.783193171972E-03    0.273436552104E-03   -0.140016414937E-03   -0.879436826266E-04    0.444698069636E-04   -0.522094807559E-04    0.491510197075E-05   -0.585643826808E-04   -0.896344079614E-05   -0.192748598914E-04    0.417440289439E-05   -0.312404760090E-04   -0.555273146855E-05   -0.434714822346E-05    0.192959352843E-05   -0.835897612225E-05   -0.257008784591E-06    0.835796782108E-06    0.804699360283E-06   -0.170497832717E-06    0.503549194608E-06    0.699101912512E-06    0.379882324965E-06    0.312325782056E-06   
 14.99 -0.647022118352E+00   -0.341130757235E-01   -0.234247010687E-01   -0.130082056782E-01    0.603107930646E-02   -0.110453466663E-01    0.176035742743E-02   -0.151066950638E-02   -0.728952648620E-03    0.239056444715E-03   -0.121247464599E-03   -0.862632812138E-04    0.391332059555E-04   -0.454647106925E-04    0.332371709483E-05   -0.514734709513E-04   -0.735366840734E-05   -0.168569698674E-04    0.414997533916E-05   -0.274654376916E-04   -0.468540704505E-05   -0.382417608410E-05    0.192196617900E-05   -0.746558838953E-05   -0.219851336417E-06    0.715523392603E-06    0.731288982341E-06   -0.224582759380E-06    0.434953961549E-06    0.609468799644E-06    0.329862645642E-06    0.258965117467E-06   
 15.15 -0.606624366827E+00   -0.314004068410E-01   -0.219646602813E-01   -0.121468806199E-01    0.555068243825E-02   -0.102285117344E-01    0.159161631921E-02   -0.137447495038E-02   -0.678311156090E-03    0.208826194739E-03   -0.104772165783E-03   -0.840678990791E-04    0.343281720583E-04   -0.394708508727E-04    0.190313545959E-05   -0.452510480072E-04   -0.603458070569E-05   -0.147163103573E-04    0.402412491246E-05   -0.241297419119E-04   -0.394790014326E-05   -0.336169641748E-05    0.188241835949E-05   -0.665646782860E-05   -0.186977859238E-06    0.611395851830E-06    0.663775749171E-06   -0.262120878389E-06    0.375300444132E-06    0.530529253924E-06    0.286170572967E-06    0.213138639031E-06   
 15.30 -0.569166323446E+00   -0.289361755181E-01   -0.206107182415E-01   -0.113513212766E-01    0.511430766753E-02   -0.948102305541E-02    0.144060063279E-02   -0.125221853464E-02   -0.631069190293E-03    0.182285847792E-03   -0.903505339869E-04   -0.814665310855E-04    0.300218629389E-04   -0.341618499730E-04    0.656080981290E-06   -0.397945306004E-04   -0.495563222717E-05   -0.128245182750E-04    0.382726559261E-05   -0.211864667728E-04   -0.332182431164E-05   -0.295304472619E-05    0.181888778543E-05   -0.592550501608E-05   -0.158038022002E-06    0.521442008539E-06    0.601762681972E-06   -0.286167217721E-06    0.323512289654E-06    0.461146622949E-06    0.248073452174E-06    0.173985953654E-06   
 15.46 -0.534403935511E+00   -0.266954540082E-01   -0.193543670902E-01   -0.106158366520E-01    0.471746924701E-02   -0.879622015223E-02    0.130538019018E-02   -0.114235353775E-02   -0.587033835785E-03    0.159018522861E-03   -0.777599515853E-04   -0.785556494389E-04    0.261789648830E-04   -0.294743660170E-04   -0.420950319867E-06   -0.350123440277E-04   -0.407458770020E-05   -0.111556234142E-04    0.358346203009E-05   -0.185928977093E-04   -0.279121619846E-05   -0.259223679958E-05    0.173797415770E-05   -0.526674374202E-05   -0.132690266306E-06    0.443896643871E-06    0.544870907812E-06   -0.299350812144E-06    0.278624099471E-06    0.400280149530E-06    0.214907775288E-06    0.140713021890E-06   
 15.62 -0.502115806075E+00   -0.246559064915E-01   -0.181877950644E-01   -0.993528707325E-02    0.435616916907E-02   -0.816815183313E-02    0.118423134929E-02   -0.104350966407E-02   -0.546018533841E-03    0.138647879541E-03   -0.667955754104E-04   -0.754195212655E-04    0.227631137439E-04   -0.253483389851E-04   -0.133580872450E-05   -0.308229757494E-04   -0.335624757673E-05   -0.968593412702E-05    0.331151607043E-05   -0.163102951173E-04   -0.234224659147E-05   -0.227391041879E-05    0.164510964198E-05   -0.467442675057E-05   -0.110604229350E-06    0.377185990593E-06    0.492741011633E-06   -0.303916398594E-06    0.239773844084E-06    0.346981672974E-06    0.186076191005E-06    0.112593043854E-06   
 15.77 -0.472100888910E+00   -0.227975259190E-01   -0.171038350294E-01   -0.930502527602E-02    0.402684302955E-02   -0.759149473501E-02    0.107561656420E-02   -0.954473511152E-03   -0.507843097909E-03    0.120835419307E-03   -0.572702531660E-04   -0.721308273171E-04    0.197379748854E-04   -0.217273650124E-04   -0.209921881825E-05   -0.271540624558E-04   -0.277135232784E-05   -0.839390911813E-05    0.302589816539E-05   -0.143036470317E-04   -0.196296093230E-05   -0.199326922166E-05    0.154471560056E-05   -0.414303290875E-05   -0.914630975902E-07    0.319912130374E-06    0.445033407951E-06   -0.301765217433E-06    0.206194930624E-06    0.300391325947E-06    0.161043740360E-06    0.889657479403E-07   
 15.93 -0.444176435761E+00   -0.211023949842E-01   -0.160959154966E-01   -0.872084429460E-02    0.372631175292E-02   -0.706148164968E-02    0.978165636146E-03   -0.874170989815E-03   -0.472333863750E-03    0.105277710920E-03   -0.490140723724E-04   -0.687514725505E-04    0.170680444544E-04   -0.185589112081E-04   -0.272364296241E-05   -0.239415206127E-04   -0.229564346574E-05   -0.726002155500E-05    0.273754080357E-05   -0.125414138601E-04   -0.164304710720E-05   -0.174602953004E-05    0.144034507253E-05   -0.366730592584E-05   -0.749656835337E-07    0.270837626751E-06    0.401428089598E-06   -0.294494124117E-06    0.177208187731E-06    0.259732552090E-06    0.139333607219E-06    0.692354554265E-07   
 16.09 -0.418176166598E+00   -0.195544695322E-01   -0.151580142443E-01   -0.817893132261E-02    0.345173858920E-02   -0.657383843543E-02    0.890658569779E-03   -0.801651543317E-03   -0.439323895928E-03    0.917036111384E-04   -0.418736437180E-04   -0.653335060532E-04    0.147192250299E-04   -0.157944042352E-04   -0.322241754461E-05   -0.211287273471E-04   -0.190906140225E-05   -0.626662011426E-05    0.245451018139E-05   -0.109952710270E-04   -0.137362834755E-05   -0.152837061015E-05    0.133481099577E-05   -0.324227510004E-05   -0.608281085058E-07    0.228870658901E-06    0.361624006717E-06   -0.283432452474E-06    0.152213968929E-06    0.224306706731E-06    0.120522612253E-06    0.528682393633E-07   
 16.24 -0.393948637159E+00   -0.181393827462E-01   -0.142846146095E-01   -0.767582681898E-02    0.320059084530E-02   -0.612472846410E-02    0.812009945839E-03   -0.736074017558E-03   -0.408653198060E-03    0.798715356263E-04   -0.357112016605E-04   -0.619200890474E-04    0.126592204705E-04   -0.133892205978E-04   -0.360910931177E-05   -0.186657559095E-04   -0.159506230596E-05   -0.539779036873E-05    0.218257122934E-05   -0.963985429034E-05   -0.114707912654E-05   -0.133688859476E-05    0.123030053614E-05   -0.286326879411E-05   -0.487850381129E-07    0.193050844692E-06    0.325338250530E-06   -0.269676265825E-06    0.130684523322E-06    0.193487448296E-06    0.104236626767E-06    0.393884445102E-07   
 16.40 -0.371355781200E+00   -0.168442684908E-01   -0.134706644755E-01   -0.720838822674E-02    0.297060586192E-02   -0.571070368316E-02    0.741254718343E-03   -0.676694039917E-03   -0.380168893290E-03    0.695668212488E-04   -0.304035887271E-04   -0.585464664752E-04    0.108577875447E-04   -0.113026020280E-04   -0.389704774752E-05   -0.165086678312E-04   -0.134003805911E-05   -0.463921898860E-05    0.192565988947E-05   -0.845251150001E-05   -0.956862016055E-06   -0.116855412428E-05    0.112847615535E-05   -0.252592146840E-05   -0.385904635398E-07    0.162535880724E-06    0.292305157045E-06   -0.254119789089E-06    0.112156738566E-06    0.166715082936E-06    0.901460398487E-07    0.283747902932E-07   
 16.56 -0.350271607595E+00   -0.156576022516E-01   -0.127115379442E-01   -0.677375775241E-02    0.275976079149E-02   -0.532866148522E-02    0.677535343271E-03   -0.622852771202E-03   -0.353725355346E-03    0.605992094604E-04   -0.258411760050E-04   -0.552409108005E-04    0.928687563118E-05   -0.949751538551E-05   -0.409899692010E-05   -0.146188622147E-04   -0.113282521003E-05   -0.397806251526E-05    0.168627527178E-05   -0.741306368589E-05   -0.797383562031E-06   -0.102067364313E-05    0.103056423146E-05   -0.222617515398E-05   -0.300180538484E-07    0.136589077125E-06    0.262275402932E-06   -0.237483938197E-06    0.962253260404E-07    0.143490986281E-06    0.779613759567E-07    0.194562373279E-07   
 16.71 -0.330581034779E+00   -0.145690581771E-01   -0.120029996486E-01   -0.636933372266E-02    0.256624577388E-02   -0.497580667612E-02    0.620090145465E-03   -0.573966902528E-03   -0.329184280474E-03    0.528004710538E-04   -0.219267605569E-04   -0.520256168290E-04    0.792068033395E-05   -0.794047303794E-05   -0.422693661903E-05   -0.129624813007E-04   -0.964290482646E-06   -0.340282191970E-05    0.146580304628E-05   -0.650357759204E-05   -0.663867340554E-06   -0.890854208709E-06    0.937432159845E-06   -0.196027624958E-05   -0.228611213820E-07    0.114567827045E-06    0.235015135524E-06   -0.220341959726E-06    0.825364900695E-07    0.123372195026E-06    0.674291310504E-07    0.123077618013E-07   
 16.87 -0.312178847145E+00   -0.135693808070E-01   -0.113411716360E-01   -0.599274509474E-02    0.238844014457E-02   -0.464961791998E-02    0.568242831530E-03   -0.529519776757E-03   -0.306414697412E-03    0.460221848723E-04   -0.185744706950E-04   -0.489175341367E-04    0.673563218632E-05   -0.660132672103E-05   -0.429192804157E-05   -0.115098704875E-04   -0.826981916628E-06   -0.290322373942E-05    0.126478019226E-05   -0.570815111816E-05   -0.552242469615E-06   -0.776971619765E-06    0.849654921933E-06   -0.172476849128E-05   -0.169322565496E-07    0.959130198944E-07    0.210305157501E-06   -0.203142263630E-06    0.707821007576E-07    0.105966234723E-06    0.583278716521E-07    0.664615128604E-08   
 17.03 -0.294968759785E+00   -0.126502701498E-01   -0.107225027301E-01   -0.564182874959E-02    0.222489134513E-02   -0.434781811510E-02    0.521393058601E-03   -0.489053522298E-03   -0.285292917261E-03    0.401336769596E-04   -0.157087019813E-04   -0.459291295770E-04    0.571033764432E-05   -0.545304533333E-05   -0.430404389669E-05   -0.102350902801E-04   -0.714836087381E-06   -0.247010826921E-05    0.108311004842E-05   -0.501271257782E-05   -0.459045971147E-06   -0.677141642122E-06    0.767572128372E-06   -0.151648288389E-05   -0.120626892841E-07    0.801393856416E-07    0.187940173158E-06   -0.186228584384E-06    0.606943736412E-07    0.909262294080E-07    0.504646226670E-07    0.222590867886E-08   
 17.18 -0.278862579584E+00   -0.118042788632E-01   -0.101437402651E-01   -0.531460924157E-02    0.207429623840E-02   -0.406834822201E-02    0.479007971815E-03   -0.452162095236E-03   -0.265702428000E-03    0.350201218122E-04   -0.132631002401E-04   -0.430690766953E-04    0.482548621009E-05   -0.447148496232E-05   -0.427234666863E-05   -0.911547717928E-05   -0.622933091855E-06   -0.209532503882E-05    0.920235506648E-06   -0.440483423060E-05   -0.381337496277E-06   -0.589694097905E-06    0.691336529370E-06   -0.133252530943E-05   -0.810143574407E-08    0.668267398657E-07    0.167728094685E-06   -0.169857639698E-06    0.520410451816E-07    0.779463217569E-07    0.436715558387E-07   -0.116467201236E-08   
 17.34 -0.263779452058E+00   -0.110247203733E-01   -0.960190407472E-02   -0.500928071903E-02    0.193548456059E-02   -0.380934412366E-02    0.440614626960E-03   -0.418485134034E-03   -0.247533740176E-03    0.305808037089E-04   -0.111796025840E-04   -0.403428720452E-04    0.406373470612E-05   -0.363515761607E-05   -0.420490202295E-05   -0.813125022658E-05   -0.547292089848E-06   -0.177163562822E-05    0.775277177104E-06   -0.387356018065E-05   -0.316625045965E-06   -0.513149581295E-06    0.620954950165E-06   -0.117026244630E-05   -0.491428627438E-08    0.556120878940E-07    0.149489401905E-06   -0.154214477841E-06    0.446210263364E-07    0.667574187441E-07    0.378029791972E-07   -0.370721276906E-08   
 17.49 -0.249645184565E+00   -0.103055868578E-01   -0.909426260828E-02   -0.472419076441E-02    0.180740426999E-02   -0.356911614932E-02    0.405793219003E-03   -0.387702539030E-03   -0.230684191066E-03    0.267275333202E-04   -0.940754325303E-05   -0.377533806262E-04    0.340957737141E-05   -0.292500361124E-05   -0.410881702993E-05   -0.726515977723E-05   -0.484701173307E-06   -0.149262373438E-05    0.647142427199E-06   -0.340924844625E-05   -0.262800437422E-06   -0.446198570027E-06    0.556322556845E-06   -0.102730654974E-05   -0.238268357453E-08    0.461825383190E-07    0.133056546887E-06   -0.139425715491E-06    0.382605075630E-07    0.571232679749E-07    0.327326206817E-07   -0.555671222362E-08   
 17.65 -0.236391637605E+00   -0.964147610342E-02   -0.861831104525E-02   -0.445782593305E-02    0.168910857703E-02   -0.334613093936E-02    0.374171041710E-03   -0.359529696776E-03   -0.215057714879E-03    0.233832128202E-04   -0.790282778982E-05   -0.353013141628E-04    0.284920850703E-05   -0.232417130258E-05   -0.399029510273E-05   -0.650217503935E-05   -0.432576205943E-06   -0.125261230248E-05    0.534610364581E-06   -0.300342678569E-05   -0.218083379096E-06   -0.387682712194E-06    0.497251296367E-06   -0.901499562550E-06   -0.402535672512E-09    0.382689709583E-07    0.118273394303E-06   -0.125570870593E-06    0.328094862717E-07    0.488368614386E-07    0.283511927090E-07   -0.684474267032E-08   
 17.81 -0.223956176840E+00   -0.902752633001E-02   -0.817175127654E-02   -0.420879879688E-02    0.157974446350E-02   -0.313899536776E-02    0.345417108426E-03   -0.333713276682E-03   -0.200564586318E-03    0.204805413494E-04   -0.662717655694E-05   -0.329856468892E-04    0.237038280244E-05   -0.181780680166E-05   -0.385470137086E-05   -0.582920696714E-05   -0.388844035771E-06   -0.104658746193E-05    0.436397090847E-06   -0.264866170172E-05   -0.180973124053E-06   -0.336578080725E-06    0.443493285618E-06   -0.790896947331E-06    0.111699932728E-08    0.316404023593E-07    0.104994689231E-06   -0.112691991612E-06    0.281386849657E-07    0.417171573912E-07    0.245642214059E-07   -0.768237680651E-08   
 17.96 -0.212281179356E+00   -0.845935815226E-02   -0.775247362187E-02   -0.397583632222E-02    0.147854251921E-02   -0.294644227454E-02    0.319237368931E-03   -0.310027534443E-03   -0.187121144345E-03    0.179608518227E-04   -0.554743671769E-05   -0.308039740289E-04    0.196227717666E-05   -0.139285548599E-05   -0.370663369337E-05   -0.523486320978E-05   -0.351846154688E-06   -0.870128956079E-06    0.351204895719E-06   -0.233843993217E-05   -0.150206776258E-06   -0.291980203185E-06    0.394759854070E-06   -0.693751561100E-06    0.225472624821E-08    0.260989909405E-07    0.930855449244E-07   -0.100801776553E-06    0.241368271346E-07    0.356061074319E-07    0.212901214682E-07   -0.816284481238E-08   
 18.12 -0.201313588368E+00   -0.793302292667E-02   -0.735854015564E-02   -0.375776943174E-02    0.138480794364E-02   -0.276731779057E-02    0.295370462224E-03   -0.288271063351E-03   -0.174649502391E-03    0.157730696226E-04   -0.463496042942E-05   -0.287528183745E-04    0.161535691754E-05   -0.103787642164E-05   -0.354999571501E-05   -0.470923197563E-05   -0.320259459535E-06   -0.719346721102E-06    0.277758484545E-06   -0.206706165978E-05   -0.124723417253E-06   -0.253090689475E-06    0.350736873203E-06   -0.608497828097E-06    0.307859841127E-08    0.214756250092E-07    0.824209452212E-07   -0.898903642382E-07    0.207082385555E-07    0.303659722196E-07    0.184584966350E-07   -0.836392859128E-08   
 18.28 -0.191004511271E+00   -0.744495680028E-02   -0.698816951766E-02   -0.355352361844E-02    0.129791257674E-02   -0.260057006472E-02    0.273583949915E-03   -0.268263940675E-03   -0.163077250474E-03    0.138727835660E-04   -0.386504603947E-05   -0.268278903598E-04    0.132124806593E-05   -0.742870283371E-06   -0.338806932998E-05   -0.424369185710E-05   -0.293031274624E-06   -0.590823248607E-06    0.214830829852E-06   -0.182954463184E-05   -0.103633312076E-06   -0.219205295496E-06    0.311096937211E-06   -0.533736409985E-06    0.364685743724E-08    0.176260386415E-07    0.728852570909E-07   -0.799309675116E-07    0.177707422072E-07    0.258769077893E-07    0.160086454756E-07   -0.835010436230E-08   
 18.43 -0.181308856467E+00   -0.699193984434E-02   -0.663972309020E-02   -0.336211049539E-02    0.121728783874E-02   -0.244523922631E-02    0.253670979582E-03   -0.249845221977E-03   -0.152337153985E-03    0.122214196356E-04   -0.321643844457E-05   -0.250243068491E-04    0.107261732783E-05   -0.499120936431E-06   -0.322358468004E-05   -0.383074486691E-05   -0.269326233011E-06   -0.481561356715E-06    0.161260803176E-06   -0.162153836332E-05   -0.861915336144E-07   -0.189703275425E-06    0.275508893575E-06   -0.468219523047E-06    0.400911318178E-08    0.144274029696E-07    0.643717508001E-07   -0.708845037725E-07    0.152538168179E-07    0.220348032781E-07    0.138882524322E-07   -0.817444750521E-08   
 18.59 -0.172185004948E+00   -0.657105971712E-02   -0.631169242897E-02   -0.318262017873E-02    0.114241847220E-02   -0.230044843704E-02    0.235447331936E-03   -0.232870741378E-03   -0.142366853171E-03    0.107855082320E-04   -0.267088440279E-05   -0.233367735916E-04    0.863060280893E-06   -0.299050522703E-06   -0.305878641345E-05   -0.346387014814E-05   -0.248482988433E-06   -0.388936992460E-06    0.115964370163E-06   -0.143924760122E-05   -0.717754215399E-07   -0.164037889223E-06    0.243645160472E-06   -0.410837009373E-06    0.420735422672E-08    0.117753437393E-07    0.567821262604E-07   -0.627033639849E-07    0.130969904789E-07    0.187493505672E-07    0.120522449957E-07   -0.788031594110E-08   
 18.75 -0.163594513021E+00   -0.617967935639E-02   -0.600268784178E-02   -0.301421441358E-02    0.107283699211E-02   -0.216539590420E-02    0.218748809924E-03   -0.217211180531E-03   -0.133108566623E-03    0.953603610486E-05   -0.221273841550E-05   -0.217597359472E-04    0.686998241918E-06   -0.136087654426E-06   -0.289549539609E-05   -0.313739603503E-05   -0.229979053562E-06   -0.310656692698E-06    0.779408132286E-07   -0.127936424657E-05   -0.598653588262E-07   -0.141727944908E-06    0.215187211203E-06   -0.360603233186E-06    0.427688287204E-08    0.958133910397E-08    0.500260450951E-07   -0.553344467124E-07    0.112484432236E-07    0.159423264071E-07    0.104617987320E-07   -0.750282901691E-08   
 18.90 -0.155501842996E+00   -0.581540825351E-02   -0.571142801533E-02   -0.285612036304E-02    0.100811876079E-02   -0.203934774322E-02    0.203428931875E-03   -0.202750373297E-03   -0.124508801480E-03    0.844787460649E-05   -0.182861477541E-05   -0.202875021104E-04    0.539583862841E-06   -0.454814648367E-08   -0.273516542219E-05   -0.284638835099E-05   -0.213402333905E-06   -0.244719340117E-06    0.462751757301E-07   -0.113900696114E-05   -0.500284125762E-07   -0.122350267126E-06    0.189829553859E-06   -0.316644843740E-06    0.424717232405E-08    0.777045542843E-08    0.440206688020E-07   -0.487215696979E-07    0.966379406852E-08    0.135460682217E-07    0.908347341527E-08   -0.707015963836E-08   
 19.06 -0.147874118969E+00   -0.547607690870E-02   -0.543673059764E-02   -0.270762499002E-02    0.947877613893E-03   -0.192163159095E-02    0.189356894552E-03   -0.189383817022E-03   -0.116518072459E-03    0.749927645070E-05   -0.150708146694E-05   -0.189143426644E-04    0.416615298794E-06    0.100472400254E-06   -0.257893473964E-05   -0.258655303264E-05   -0.198428163272E-06   -0.189381863453E-06    0.201378936009E-07   -0.101566772444E-05   -0.419044407438E-07   -0.105532994404E-06    0.167282487675E-06   -0.278189421881E-06    0.414264484436E-08    0.627938222066E-08    0.386902041361E-07   -0.428073583872E-07    0.830505070545E-08    0.115021253847E-07    0.788846458338E-08   -0.660465709283E-08   
 19.22 -0.140680905178E+00   -0.515971410965E-02   -0.517750364972E-02   -0.256806996932E-02    0.891761972957E-03   -0.181163088371E-02    0.176415775449E-03   -0.177017364715E-03   -0.109090631342E-03    0.667143372826E-05   -0.123839177514E-05   -0.176345699058E-04    0.314458634244E-06    0.183194926243E-06   -0.242767240207E-05   -0.235415136028E-05   -0.184800844055E-06   -0.143128546756E-06   -0.121761068950E-08   -0.907164650283E-06   -0.351943169446E-07   -0.909496174433E-07    0.147273875624E-06   -0.244555007936E-06    0.398337272309E-08    0.505473098985E-08    0.339654569686E-07   -0.375346981778E-07    0.713970176902E-08    0.976006893516E-08    0.685195658731E-08   -0.612381759214E-08   
 19.37 -0.133894004658E+00   -0.486452671447E-02   -0.493273788742E-02   -0.243684707513E-02    0.839451387094E-03   -0.170877972419E-02    0.164500946825E-03   -0.165566075573E-03   -0.102184208085E-03    0.594809050855E-05   -0.101424968280E-05   -0.164425999987E-04    0.229978143081E-06    0.247242953110E-06   -0.228201960039E-05   -0.214592625505E-05   -0.172318865007E-06   -0.104643629566E-06   -0.184587560642E-07   -0.811600419576E-06   -0.296499703748E-07   -0.783136797988E-07    0.129550135689E-06   -0.215140493547E-06    0.378570500138E-08    0.405156606951E-08    0.297833962735E-07   -0.328478258318E-07    0.613993376292E-08    0.827644359112E-08    0.595256425656E-08   -0.564111885806E-08   
 19.53 -0.127487276181E+00   -0.458888165537E-02   -0.470149964012E-02   -0.231339399488E-02    0.790653453734E-03   -0.161255827087E-02    0.153518676939E-03   -0.154953204014E-03   -0.957597643548E-04    0.531520392923E-05   -0.827605393526E-06   -0.153330006575E-04    0.160473889318E-06    0.295719151027E-06   -0.214242622303E-05   -0.195903826954E-05   -0.160823111230E-06   -0.727868983039E-07   -0.321785685721E-07   -0.727325734047E-06   -0.250659774459E-07   -0.673740703443E-07    0.113876620822E-06   -0.189416848269E-06    0.356282351290E-08    0.323213877251E-08    0.260867298772E-07   -0.286931250623E-07    0.528195676131E-08    0.701384718737E-08    0.517185177800E-08   -0.516673403854E-08   
 19.69 -0.121436467661E+00   -0.433128991066E-02   -0.448292445923E-02   -0.219719052620E-02    0.745101074072E-03   -0.152248859152E-02    0.143384896577E-03   -0.145109309861E-03   -0.897812599938E-04    0.476064823037E-05   -0.672477595070E-06   -0.143005267230E-04    0.103626136310E-06    0.331273241494E-06   -0.200918295666E-05   -0.179101005183E-05   -0.150187499821E-06   -0.465719881816E-07   -0.429010091456E-07   -0.652907244490E-06   -0.212724771368E-07   -0.579108442186E-07    0.100037528946E-06   -0.166919143544E-06    0.332523305324E-08    0.256479912806E-08    0.228234936249E-07   -0.250196819245E-07    0.454542441953E-08    0.594012372037E-08    0.449391873666E-08   -0.470813918021E-08   
 19.84 -0.115719064436E+00   -0.409039222124E-02   -0.427621131535E-02   -0.208775511837E-02    0.702550004283E-03   -0.143813092937E-02    0.134024111403E-03   -0.135971474444E-03   -0.842154326180E-04    0.427395672032E-05   -0.543799360366E-06   -0.133401456871E-04    0.574460152613E-07    0.356162020734E-06   -0.188244927472E-05   -0.163967820293E-05   -0.140311575687E-06   -0.251471342651E-07   -0.510865759325E-07   -0.587099454551E-06   -0.181292128846E-07   -0.497315156105E-07    0.878354599027E-07   -0.147239330682E-06    0.308119060082E-08    0.202306240506E-08    0.199466553815E-07   -0.217796472481E-07    0.391293616794E-08    0.502765750490E-08    0.390504423853E-08   -0.427062745136E-08   
 20.00 -0.110314150951E+00   -0.386494635301E-02   -0.408061732805E-02   -0.198464172423E-02    0.662776668259E-03   -0.135908033685E-02    0.125368442833E-03   -0.127482609351E-03   -0.790315903692E-04    0.384609716203E-05   -0.437284865249E-06   -0.124470549443E-04    0.202319066388E-07    0.372302255508E-06   -0.176227767727E-05   -0.150315157402E-05   -0.131114684549E-06   -0.777812924773E-08   -0.571379653900E-07   -0.528820146873E-06   -0.155205315609E-07   -0.426677713742E-07    0.770907150652E-07   -0.130019725675E-06    0.283707878109E-08    0.158481006432E-08    0.174137352763E-07   -0.189284460460E-07    0.336960999739E-08    0.425275685912E-08    0.339338126438E-08   -0.385774201179E-08   
