R_Bohr           v_0_0_0_0             v_0_0_2_2             v_0_0_4_4             v_1_0_0_1             v_1_0_2_1             v_1_0_2_2             v_1_0_2_3             v_2_0_0_2             v_2_0_2_0             v_2_0_2_1             v_2_0_2_2             v_2_0_2_3             v_2_0_2_4             v_3_0_0_3             v_3_0_2_1             v_3_0_2_2             v_3_0_2_3             v_3_0_2_4             v_3_0_2_5             v_3_3_0_3             v_3_3_2_1             v_3_3_2_2             v_3_3_2_3             v_3_3_2_4             v_3_3_2_5             v_4_0_0_4             v_4_0_2_2             v_4_0_2_3             v_4_0_2_4             v_4_0_2_5             v_4_0_2_6             v_4_3_0_4             v_4_3_2_2             v_4_3_2_3             v_4_3_2_4             v_4_3_2_5             v_4_3_2_6   
 18.68 -0.238097290913E+01   -0.102477837495E+00   -0.100626865223E-04   -0.413740923548E-01    0.665381129781E-03    0.000000000000E+00   -0.638991603576E+01   -0.502883601089E-01   -0.224406586129E-05    0.447732996209E-16   -0.288934498875E-04   -0.270142900605E-16   -0.239714734981E+01   -0.387513873456E-01    0.120093476750E-04   -0.317815137627E-18   -0.100041580329E-04    0.179274091849E-17    0.146108625048E+00    0.227145957766E-01    0.136721185532E-05   -0.357104122960E-06   -0.802470012440E-06    0.165795246559E-04   -0.251801259693E+00   -0.955918068000E-03   -0.208538345015E-03   -0.862328727654E-18    0.120374874691E-03    0.470407497974E-17    0.428661999422E-02    0.387531834601E-03    0.169083390084E-04    0.396280877138E-05   -0.102996586512E-04   -0.450357786923E-05    0.309488444461E-01   
 18.93 -0.218837021544E+01   -0.935725742367E-01   -0.918390153900E-05   -0.375130229699E-01    0.599392432455E-03    0.000000000000E+00   -0.605593164774E+01   -0.456104342959E-01   -0.195187634800E-05    0.421359022266E-16   -0.272910661447E-04   -0.253953681569E-16   -0.224134472652E+01   -0.350324063581E-01    0.111371146363E-04   -0.338214125362E-18   -0.926987059671E-05    0.176486110450E-17    0.135074530989E+00    0.204548748307E-01    0.125381463256E-05   -0.325641845092E-06   -0.736390136991E-06    0.151035061648E-04   -0.232484634433E+00   -0.852806028263E-03   -0.194517181788E-03   -0.821435107787E-18    0.112254013141E-03    0.438042342301E-17    0.390787765561E-02    0.344315785163E-03    0.154088448838E-04    0.363547942086E-05   -0.938576477506E-05   -0.410793931259E-05    0.281969097535E-01   
 19.18 -0.201360115507E+01   -0.855442799006E-01   -0.839200139523E-05   -0.340566039767E-01    0.540694209445E-03    0.000000000000E+00   -0.574349913474E+01   -0.414214444594E-01   -0.169829373633E-05    0.396868608140E-16   -0.257820216048E-04   -0.238933154183E-16   -0.209753887391E+01   -0.317128757999E-01    0.103388078957E-04   -0.353691185026E-18   -0.859836303752E-05    0.173374133367E-17    0.125003816131E+00    0.184455977260E-01    0.115129505659E-05   -0.297308170969E-06   -0.676605015560E-06    0.137759239506E-04   -0.214877400614E+00   -0.761971875381E-03   -0.181615967897E-03   -0.782508696757E-18    0.104784131286E-03    0.408286418284E-17    0.356695459172E-02    0.306399551236E-03    0.140595568359E-04    0.333942604271E-05   -0.856346526711E-05   -0.375228336319E-05    0.257214489262E-01   
 19.44 -0.185481107346E+01   -0.782966925326E-01   -0.767741778703E-05   -0.309578978313E-01    0.488400463384E-03    0.000000000000E+00   -0.545097012895E+01   -0.376648068903E-01   -0.147794812400E-05    0.374104582260E-16   -0.243616442494E-04   -0.224983199060E-16   -0.196466568956E+01   -0.287454374438E-01    0.960730968425E-05   -0.364991535534E-18   -0.798354676574E-05    0.170007446714E-17    0.115801296959E+00    0.166562374939E-01    0.105847286838E-05   -0.271757498474E-06   -0.622436142528E-06    0.125801809211E-04   -0.198808662807E+00   -0.681819506918E-03   -0.169731428200E-03   -0.745481590849E-18    0.979049778251E-04    0.380898950737E-17    0.325964962988E-02    0.273075727115E-03    0.128437474410E-04    0.307126756803E-05   -0.782255438896E-05   -0.343206474084E-05    0.234915740621E-01   
 19.69 -0.171035881959E+01   -0.717451763398E-01   -0.703174122236E-05   -0.281759238173E-01    0.441742425109E-03    0.000000000000E+00   -0.517684155444E+01   -0.342911046659E-01   -0.128626257235E-05    0.352924712626E-16   -0.230252580953E-04   -0.212015047362E-16   -0.184176759238E+01   -0.260888626777E-01    0.893626616851E-05   -0.372754085096E-18   -0.741999055279E-05    0.166444793009E-17    0.107382260889E+00    0.150603174720E-01    0.974310232048E-06   -0.248686109663E-06   -0.573286384024E-06    0.115017177790E-04   -0.184126523763E+00   -0.610977315940E-03   -0.158771053649E-03   -0.710281828513E-18    0.915626060098E-04    0.355664135582E-17    0.298227434165E-02    0.243738810728E-03    0.117467345545E-04    0.282802954063E-05   -0.715407495713E-05   -0.314330981740E-05    0.214801870969E-01   
 19.94 -0.157878985228E+01   -0.658151926619E-01   -0.644756825717E-05   -0.256748386482E-01    0.400051809114E-03    0.000000000000E+00   -0.491974116776E+01   -0.312571035091E-01   -0.111932874818E-05    0.333200118888E-16   -0.217682502005E-04   -0.199948287248E-16   -0.172798167459E+01   -0.237071941369E-01    0.831999735487E-05   -0.377526849125E-18   -0.690284263857E-05    0.162735911540E-17    0.996711999301E-01    0.136348312834E-01    0.897892873217E-06   -0.227826657511E-06   -0.528629262665E-06    0.105277410230E-04   -0.170695764999E+00   -0.548264281897E-03   -0.148651852725E-03   -0.676835068983E-18    0.857086397538E-04    0.332388270862E-17    0.273158497718E-02    0.217869472708E-03    0.107556094816E-04    0.260709043396E-05   -0.655015230908E-05   -0.288253808898E-05    0.196634742305E-01   
 20.19 -0.145881301867E+01   -0.604409880582E-01   -0.591837047061E-05   -0.234232382952E-01    0.362746632738E-03    0.000000000000E+00   -0.467841469820E+01   -0.285249130278E-01   -0.973803230353E-06    0.314813870510E-16   -0.205861194748E-04   -0.188709986429E-16   -0.162252930005E+01   -0.215690164225E-01    0.775341852215E-05   -0.379780041380E-18   -0.642776284743E-05    0.158922848738E-17    0.926007110073E-01    0.123597518354E-01    0.828413929147E-06   -0.208943434391E-06   -0.487999775513E-06    0.964699009115E-05   -0.158395835263E+00   -0.492661527242E-03   -0.139299261920E-03   -0.645065913884E-18    0.802996335598E-04    0.310897248711E-17    0.250472414605E-02    0.195021412262E-03    0.985900409606E-05    0.240613566584E-05   -0.600385207196E-05   -0.264669531232E-05    0.180204730788E-01   
 20.45 -0.134928046566E+01   -0.555644664608E-01   -0.543838185888E-05   -0.213935618760E-01    0.329319180923E-03    0.000000000000E+00   -0.445171439322E+01   -0.260612703814E-01   -0.846820844764E-06    0.297659747245E-16   -0.194745111957E-04   -0.178233916070E-16   -0.152470695713E+01   -0.196468351871E-01    0.723197161555E-05   -0.379917206565E-18   -0.599086335864E-05    0.155041074321E-17    0.861105392665E-01    0.112176147813E-01    0.765160092065E-06   -0.191828303796E-06   -0.450986508369E-06    0.884953761841E-05   -0.147119102797E+00   -0.443288404703E-03   -0.130646193248E-03   -0.614898939658E-18    0.752965132590E-04    0.291034359020E-17    0.229917074963E-02    0.174810349054E-03    0.904689093016E-05    0.222311812373E-05   -0.550905808072E-05   -0.243309644558E-05    0.165327013492E-01   
 20.70 -0.124917022944E+01   -0.511342177030E-01   -0.500250187639E-05   -0.195615816608E-01    0.299325770510E-03    0.000000000000E+00   -0.423858880058E+01   -0.238369272752E-01   -0.735922095627E-06    0.281641141423E-16   -0.184292405721E-04   -0.168459863306E-16   -0.143387820152E+01   -0.179165474028E-01    0.675156525124E-05   -0.378284701412E-18   -0.558865689423E-05    0.151120433185E-17    0.801467442999E-01    0.101931644132E-01    0.707499694579E-06   -0.176297195665E-06   -0.417224850664E-06    0.812661776424E-05   -0.136769334097E+00   -0.399382349069E-03   -0.122632200055E-03   -0.586259495943E-18    0.706640864575E-04    0.272658362771E-17    0.211269691402E-02    0.156904783158E-03    0.831041123927E-05    0.205622420715E-05   -0.506036738888E-05   -0.223937685565E-05    0.151838376732E-01   
 20.95 -0.115757111909E+01   -0.471046791752E-01   -0.460621179094E-05   -0.179059658981E-01    0.272378027393E-03    0.000000000000E+00   -0.403807364044E+01   -0.218261243474E-01   -0.638992254507E-06    0.266670084351E-16   -0.174463077608E-04   -0.159333021344E-16   -0.134946654800E+01   -0.163569885165E-01    0.630852213414E-05   -0.375179780675E-18   -0.521801136005E-05    0.147185958136E-17    0.746609722465E-01    0.927305201623E-02    0.654872443954E-06   -0.162187081775E-06   -0.386391142177E-06    0.747047838417E-05   -0.127260367513E+00   -0.360281864288E-03   -0.115202745125E-03   -0.559074314819E-18    0.663706132298E-04    0.255641799113E-17    0.194333087483E-02    0.141018222064E-03    0.764172684761E-05    0.190384455611E-05   -0.465299980899E-05   -0.206345050048E-05    0.139594467490E-01   
 21.21 -0.107366956884E+01   -0.434354110402E-01   -0.424550239275E-05   -0.164079033446E-01    0.248135438057E-03    0.000000000000E+00   -0.384928363970E+01   -0.200061396295E-01   -0.554210135993E-06    0.252666381534E-16   -0.165219063762E-04   -0.150803447640E-16   -0.127094918948E+01   -0.149495445798E-01    0.589953294228E-05   -0.370857502742E-18   -0.487611009330E-05    0.143258564567E-17    0.696098192515E-01    0.844557839796E-02    0.606780559680E-06   -0.149353361146E-06   -0.358197618100E-06    0.687425349899E-05   -0.118514954751E+00   -0.325412127803E-03   -0.108308557452E-03   -0.533271967473E-18    0.623874290083E-04    0.239869495409E-17    0.178932493234E-02    0.126902627757E-03    0.703389225242E-05    0.176454876957E-05   -0.428271982952E-05   -0.190347402281E-05    0.128467422028E-01   
 21.46 -0.996738183273E+00   -0.400904685103E-01   -0.391681140538E-05   -0.150507801896E-01    0.226298977180E-03    0.000000000000E+00   -0.367140521720E+01   -0.183568999154E-01   -0.480004923184E-06    0.239556843420E-16   -0.156524270305E-04   -0.142825581860E-16   -0.119785143874E+01   -0.136778193977E-01    0.552161578612E-05   -0.365536634830E-18   -0.456041691946E-05    0.139355644811E-17    0.649542739063E-01    0.770047370035E-02    0.562781107492E-06   -0.137667595313E-06   -0.332388031115E-06    0.633185307487E-05   -0.110463747373E+00   -0.294272784517E-03   -0.101905065986E-03   -0.508783198071E-18    0.586886127609E-04    0.225237253838E-17    0.164912773449E-02    0.114342880827E-03    0.648074401926E-05    0.163706352706E-05   -0.394576909343E-05   -0.175781585259E-05    0.118343816240E-01   
 21.71 -0.926125740553E+00   -0.370378572406E-01   -0.361696920253E-05   -0.138199015547E-01    0.206605645354E-03    0.000000000000E+00   -0.350368992231E+01   -0.168606456679E-01   -0.415019725858E-06    0.227274600173E-16   -0.148344571467E-04   -0.135357816452E-16   -0.112974180236E+01   -0.125273483629E-01    0.517208053102E-05   -0.359404709018E-18   -0.426864543372E-05    0.135491577153E-17    0.606592280852E-01    0.702870873676E-02    0.522479355483E-06   -0.127015543985E-06   -0.308733855622E-06    0.583786759703E-05   -0.103044408681E+00   -0.266427576649E-03   -0.959519003186E-04   -0.485541159122E-18    0.552506945274E-04    0.211650691847E-17    0.152136026136E-02    0.103152094202E-03    0.597680496353E-05    0.152025361961E-05   -0.363880790836E-05   -0.162502957235E-05    0.109122890955E-01   
 21.96 -0.861248454161E+00   -0.342490600318E-01   -0.334315164711E-05   -0.127022509922E-01    0.188823778477E-03    0.000000000000E+00   -0.334544854168E+01   -0.155016415724E-01   -0.358080745835E-06    0.215758490449E-16   -0.140647779844E-04   -0.128362113565E-16   -0.106622760868E+01   -0.114853519823E-01    0.484849737464E-05   -0.352622356377E-18   -0.399873192875E-05    0.131678162111E-17    0.566930471198E-01    0.642233304297E-02    0.485523006134E-06   -0.117295458154E-06   -0.287030988155E-06    0.538748530865E-05   -0.962008342781E-01   -0.241495516146E-03   -0.904124497226E-04   -0.463481568100E-18    0.520523972511E-04    0.199024216882E-17    0.140479498099E-02    0.931676381993E-04    0.551720100052E-05    0.141310547347E-05   -0.335886449397E-05   -0.150383090947E-05    0.100715012666E-01   
 22.22 -0.801582322373E+00   -0.316986248225E-01   -0.309283905072E-05   -0.116862824381E-01    0.172749012478E-03    0.000000000000E+00   -0.319604579930E+01   -0.142659260870E-01   -0.308171149140E-06    0.204952515441E-16   -0.133403596815E-04   -0.121803662877E-16   -0.100695112204E+01   -0.105405232137E-01    0.454866906682E-05   -0.345327026487E-18   -0.374881152496E-05    0.127924996679E-17    0.530271915344E-01    0.587433560833E-02    0.451597178716E-06   -0.108416594387E-06   -0.267096876195E-06    0.497642031370E-05   -0.898824669192E-01   -0.219143355878E-03   -0.852534730881E-04   -0.442542801451E-18    0.490744085151E-04    0.187280118521E-17    0.129833772775E-02    0.842477623766E-04    0.509758886872E-05    0.131471281209E-05   -0.310329086926E-05   -0.139307782848E-05    0.930403362053E-02   
 22.47 -0.746656419773E+00   -0.293638054541E-01   -0.286378040179E-05   -0.107617399335E-01    0.158200805700E-03    0.000000000000E+00   -0.305489558437E+01   -0.131410943672E-01   -0.264408869952E-06    0.194805350607E-16   -0.126583548376E-04   -0.115650575558E-16   -0.951586084345E+00   -0.968284365993E-02    0.427060640128E-05   -0.337636182958E-18   -0.351719709259E-05    0.124239795569E-17    0.496358836623E-01    0.537852489983E-02    0.420420037788E-06   -0.100297919842E-06   -0.248768014185E-06    0.460085001515E-05   -0.840436933677E-01   -0.199079156579E-03   -0.804447533803E-04   -0.422665939103E-18    0.462991784127E-04    0.176347763403E-17    0.120101192165E-02    0.762687191121E-04    0.471409320251E-05    0.122426415850E-05   -0.286972444902E-05   -0.129175327182E-05    0.860276409696E-02   
 22.72 -0.696047005856E+00   -0.272242479536E-01   -0.265396213612E-05   -0.991950115033E-02    0.145019436776E-03    0.000000000000E+00   -0.292145664899E+01   -0.121161098074E-01   -0.226027751027E-06    0.185269908391E-16   -0.120160911387E-04   -0.109873610216E-16   -0.899834632970E+00   -0.890342443461E-02    0.401250649615E-05   -0.329650051579E-18   -0.330236057771E-05    0.120628667136E-17    0.464958133890E-01    0.492942532863E-02    0.391738977297E-06   -0.928669816950E-07   -0.231897755824E-06    0.425736058848E-05   -0.786433126431E-01   -0.181046780067E-03   -0.759587910892E-04   -0.403794770146E-18    0.437107403068E-04    0.166162880319E-17    0.111194480458E-02    0.691223098555E-04    0.436325165799E-05    0.114103192185E-05   -0.265605455728E-05   -0.119895017167E-05    0.796133165404E-02   
 22.98 -0.649372343530E+00   -0.252617161428E-01   -0.246158083067E-05   -0.915144135839E-02    0.133063408624E-03    0.000000000000E+00   -0.279522872501E+01   -0.111811401614E-01   -0.192361458617E-06    0.176302946156E-16   -0.114110633960E-04   -0.104445927189E-16   -0.851424550321E+00   -0.819436816280E-02    0.377273355971E-05   -0.321453986021E-18   -0.310291649502E-05    0.117096350506E-17    0.435858780623E-01    0.452218775519E-02    0.365327284424E-06   -0.860589185250E-07   -0.216354401011E-06    0.394289938480E-05   -0.736440665433E-01   -0.164821166986E-03   -0.717705318609E-04   -0.385875768371E-18    0.412945516356E-04    0.156666924497E-17    0.103035541673E-02    0.627137881415E-04    0.404196698691E-05    0.106436285226E-05   -0.246039318302E-05   -0.111385841147E-05    0.737404771416E-02   
 23.23 -0.606288135384E+00   -0.234598512820E-01   -0.228501929230E-05   -0.845031497596E-02    0.122207199928E-03    0.000000000000E+00   -0.267574901500E+01   -0.103274148114E-01   -0.162829768990E-06    0.167864714193E-16   -0.108409251963E-04   -0.993428679705E-17   -0.806106806284E+00   -0.754864911557E-02    0.354980180231E-05   -0.313120506185E-18   -0.291760727188E-05    0.113646419440E-17    0.408869522796E-01    0.415251200243E-02    0.340981218173E-06   -0.798155946701E-07   -0.202019517981E-06    0.365473331841E-05   -0.690122245644E-01   -0.150204280289E-03   -0.678571241764E-04   -0.368858044695E-18    0.390373523418E-04    0.147806511545E-17    0.955544077379E-03    0.569600643189E-04    0.374746511549E-05    0.993669678482E-06   -0.228104940149E-05   -0.103575346330E-05    0.683581873823E-02   
 23.48 -0.566483498378E+00   -0.218039612150E-01   -0.212282558775E-05   -0.780965227196E-02    0.112339314482E-03    0.000000000000E+00   -0.256258901781E+01   -0.954710026405E-02   -0.136926831281E-06    0.159918639349E-16   -0.103034804752E-04   -0.945417569757E-17   -0.763653359590E+00   -0.696000893225E-02    0.334236028646E-05   -0.304711055987E-18   -0.274529023466E-05    0.110281457671E-17    0.383816838459E-01    0.381657965772E-02    0.318517446794E-06   -0.740848411308E-07   -0.188786471801E-06    0.339041243252E-05   -0.647172164116E-01   -0.137021614678E-03   -0.641977034575E-04   -0.352693282179E-18    0.369270387859E-04    0.139532912771E-17    0.886883167982E-03    0.517881659180E-04    0.347725842137E-05    0.928423770109E-06   -0.211650696899E-05   -0.963986471264E-06    0.634207842881E-02   
