#iR    R_COM(iR)
  1  0.400000000000E+01
  2  0.415294117647E+01
  3  0.430588235294E+01
  4  0.445882352941E+01
  5  0.461176470588E+01
  6  0.476470588235E+01
  7  0.491764705882E+01
  8  0.507058823529E+01
  9  0.522352941176E+01
 10  0.537647058824E+01
 11  0.552941176471E+01
 12  0.568235294118E+01
 13  0.583529411765E+01
 14  0.598823529412E+01
 15  0.614117647059E+01
 16  0.629411764706E+01
 17  0.644705882353E+01
 18  0.660000000000E+01
 19  0.675294117647E+01
 20  0.690588235294E+01
 21  0.705882352941E+01
 22  0.721176470588E+01
 23  0.736470588235E+01
 24  0.751764705882E+01
 25  0.767058823529E+01
 26  0.782352941176E+01
 27  0.797647058824E+01
 28  0.812941176471E+01
 29  0.828235294118E+01
 30  0.843529411765E+01
 31  0.858823529412E+01
 32  0.874117647059E+01
 33  0.889411764706E+01
 34  0.904705882353E+01
 35  0.920000000000E+01
 36  0.935294117647E+01
 37  0.950588235294E+01
 38  0.965882352941E+01
 39  0.981176470588E+01
 40  0.996470588235E+01
 41  0.101176470588E+02
 42  0.102705882353E+02
 43  0.104235294118E+02
 44  0.105764705882E+02
 45  0.107294117647E+02
 46  0.108823529412E+02
 47  0.110352941176E+02
 48  0.111882352941E+02
 49  0.113411764706E+02
 50  0.114941176471E+02
 51  0.116470588235E+02
 52  0.118000000000E+02
 53  0.119529411765E+02
 54  0.121058823529E+02
 55  0.122588235294E+02
 56  0.124117647059E+02
 57  0.125647058824E+02
 58  0.127176470588E+02
 59  0.128705882353E+02
 60  0.130235294118E+02
 61  0.131764705882E+02
 62  0.133294117647E+02
 63  0.134823529412E+02
 64  0.136352941176E+02
 65  0.137882352941E+02
 66  0.139411764706E+02
 67  0.140941176471E+02
 68  0.142470588235E+02
 69  0.144000000000E+02
 70  0.145529411765E+02
 71  0.147058823529E+02
 72  0.148588235294E+02
 73  0.150117647059E+02
 74  0.151647058824E+02
 75  0.153176470588E+02
 76  0.154705882353E+02
 77  0.156235294118E+02
 78  0.157764705882E+02
 79  0.159294117647E+02
 80  0.160823529412E+02
 81  0.162352941176E+02
 82  0.163882352941E+02
 83  0.165411764706E+02
 84  0.166941176471E+02
 85  0.168470588235E+02
 86  0.170000000000E+02
 87  0.171529411765E+02
 88  0.173058823529E+02
 89  0.174588235294E+02
 90  0.176117647059E+02
 91  0.177647058824E+02
 92  0.179176470588E+02
 93  0.180705882353E+02
 94  0.182235294118E+02
 95  0.183764705882E+02
 96  0.185294117647E+02
 97  0.186823529412E+02
 98  0.188352941176E+02
 99  0.189882352941E+02
100  0.191411764706E+02
101  0.192941176471E+02
102  0.194470588235E+02
103  0.196000000000E+02
104  0.197529411765E+02
105  0.199058823529E+02
106  0.200588235294E+02
107  0.202117647059E+02
108  0.203647058824E+02
109  0.205176470588E+02
110  0.206705882353E+02
111  0.208235294118E+02
112  0.209764705882E+02
113  0.211294117647E+02
114  0.212823529412E+02
115  0.214352941176E+02
116  0.215882352941E+02
117  0.217411764706E+02
118  0.218941176471E+02
119  0.220470588235E+02
120  0.222000000000E+02
121  0.223529411765E+02
122  0.225058823529E+02
123  0.226588235294E+02
124  0.228117647059E+02
125  0.229647058824E+02
126  0.231176470588E+02
127  0.232705882353E+02
128  0.234235294118E+02
129  0.235764705882E+02
130  0.237294117647E+02
131  0.238823529412E+02
132  0.240352941176E+02
133  0.241882352941E+02
134  0.243411764706E+02
135  0.244941176471E+02
136  0.246470588235E+02
137  0.248000000000E+02
138  0.249529411765E+02
139  0.251058823529E+02
140  0.252588235294E+02
141  0.254117647059E+02
142  0.255647058824E+02
143  0.257176470588E+02
144  0.258705882353E+02
145  0.260235294118E+02
146  0.261764705882E+02
147  0.263294117647E+02
148  0.264823529412E+02
149  0.266352941176E+02
150  0.267882352941E+02
151  0.269411764706E+02
152  0.270941176471E+02
153  0.272470588235E+02
154  0.274000000000E+02
155  0.275529411765E+02
156  0.277058823529E+02
157  0.278588235294E+02
158  0.280117647059E+02
159  0.281647058824E+02
160  0.283176470588E+02
161  0.284705882353E+02
162  0.286235294118E+02
163  0.287764705882E+02
164  0.289294117647E+02
165  0.290823529412E+02
166  0.292352941176E+02
167  0.293882352941E+02
168  0.295411764706E+02
169  0.296941176471E+02
170  0.298470588235E+02
171  0.300000000000E+02
