COLLISION_TYPE= 7
NUMBER_OF_CHANLS=    3
NUMBER_OF_STATES=     11
MATRIX_SIZE=        20
R_GRID_SIZE=   86
  #STATE #CHANNEL      J12      M12       J1        K      EPS       J2
       1        1        1       -1        1        1        0        0
       2        1        1        0        1        1        0        0
       3        1        1        1        1        1        0        0
       4        2        1       -1        1        1        1        0
       5        2        1        0        1        1        1        0
       6        2        1        1        1        1        1        0
       7        3        2       -2        2        1        0        0
       8        3        2       -1        2        1        0        0
       9        3        2        0        2        1        0        0
      10        3        2        1        2        1        0        0
      11        3        2        2        2        1        0        0
       MIJ_INDEX     ST_1     ST_2
               1        1        1
               2        2        2
               3        3        3
               4        4        1
               5        4        4
               6        5        2
               7        5        5
               8        6        3
               9        6        6
              10        7        7
              11        8        1
              12        8        4
              13        8        8
              14        9        2
              15        9        5
              16        9        9
              17       10        3
              18       10        6
              19       10       10
              20       11       11
  #iR           R_COM(iR)
    1  0.350000000000E+01
    2  0.375294117647E+01
    3  0.400588235294E+01
    4  0.425882352941E+01
    5  0.451176470588E+01
    6  0.476470588235E+01
    7  0.501764705882E+01
    8  0.527058823529E+01
    9  0.552352941176E+01
   10  0.577647058824E+01
   11  0.602941176471E+01
   12  0.628235294118E+01
   13  0.653529411765E+01
   14  0.678823529412E+01
   15  0.704117647059E+01
   16  0.729411764706E+01
   17  0.754705882353E+01
   18  0.780000000000E+01
   19  0.805294117647E+01
   20  0.830588235294E+01
   21  0.855882352941E+01
   22  0.881176470588E+01
   23  0.906470588235E+01
   24  0.931764705882E+01
   25  0.957058823529E+01
   26  0.982352941176E+01
   27  0.100764705882E+02
   28  0.103294117647E+02
   29  0.105823529412E+02
   30  0.108352941176E+02
   31  0.110882352941E+02
   32  0.113411764706E+02
   33  0.115941176471E+02
   34  0.118470588235E+02
   35  0.121000000000E+02
   36  0.123529411765E+02
   37  0.126058823529E+02
   38  0.128588235294E+02
   39  0.131117647059E+02
   40  0.133647058824E+02
   41  0.136176470588E+02
   42  0.138705882353E+02
   43  0.141235294118E+02
   44  0.143764705882E+02
   45  0.146294117647E+02
   46  0.148823529412E+02
   47  0.151352941176E+02
   48  0.153882352941E+02
   49  0.156411764706E+02
   50  0.158941176471E+02
   51  0.161470588235E+02
   52  0.164000000000E+02
   53  0.166529411765E+02
   54  0.169058823529E+02
   55  0.171588235294E+02
   56  0.174117647059E+02
   57  0.176647058824E+02
   58  0.179176470588E+02
   59  0.181705882353E+02
   60  0.184235294118E+02
   61  0.186764705882E+02
   62  0.189294117647E+02
   63  0.191823529412E+02
   64  0.194352941176E+02
   65  0.196882352941E+02
   66  0.199411764706E+02
   67  0.201941176471E+02
   68  0.204470588235E+02
   69  0.207000000000E+02
   70  0.209529411765E+02
   71  0.212058823529E+02
   72  0.214588235294E+02
   73  0.217117647059E+02
   74  0.219647058824E+02
   75  0.222176470588E+02
   76  0.224705882353E+02
   77  0.227235294118E+02
   78  0.229764705882E+02
   79  0.232294117647E+02
   80  0.234823529412E+02
   81  0.237352941176E+02
   82  0.239882352941E+02
   83  0.242411764706E+02
   84  0.244941176471E+02
   85  0.247470588235E+02
   86  0.250000000000E+02
        #k_matel      #iR     Mij(iR,k_matel)
               1        1  0.653824816974E-01
               1        2  0.424891910640E-01
               1        3  0.272550825850E-01
               1        4  0.171997834290E-01
               1        5  0.106319056242E-01
               1        6  0.639498153867E-02
               1        7  0.370228247824E-02
               1        8  0.202157684236E-02
               1        9  0.995904000028E-03
               1       10  0.388272623353E-03
               1       11  0.431302297360E-04
               1       12 -0.140346537419E-03
               1       13 -0.226645261758E-03
               1       14 -0.256414497080E-03
               1       15 -0.254845979692E-03
               1       16 -0.237219409396E-03
               1       17 -0.212623457473E-03
               1       18 -0.186178031666E-03
               1       19 -0.160473597076E-03
               1       20 -0.137094078660E-03
               1       21 -0.116451977650E-03
               1       22 -0.986214377323E-04
               1       23 -0.834177583522E-04
               1       24 -0.705810459840E-04
               1       25 -0.598018361415E-04
               1       26 -0.507728975688E-04
               1       27 -0.432086822630E-04
               1       28 -0.368654161125E-04
               1       29 -0.315636199630E-04
               1       30 -0.271321102007E-04
               1       31 -0.234011341941E-04
               1       32 -0.202372689381E-04
               1       33 -0.175589460459E-04
               1       34 -0.152903482489E-04
               1       35 -0.133564712207E-04
               1       36 -0.116986342398E-04
               1       37 -0.102786675400E-04
               1       38 -0.906038753874E-05
               1       39 -0.800809977582E-05
               1       40 -0.709439554255E-05
               1       41 -0.630120353105E-05
               1       42 -0.561123706058E-05
               1       43 -0.500728190931E-05
               1       44 -0.447547443018E-05
               1       45 -0.401326109882E-05
               1       46 -0.360677471530E-05
               1       47 -0.324489925022E-05
               1       48 -0.292432231678E-05
               1       49 -0.263989444496E-05
               1       50 -0.238704994154E-05
               1       51 -0.216185971540E-05
               1       52 -0.196093440559E-05
               1       53 -0.178134344824E-05
               1       54 -0.162054726846E-05
               1       55 -0.147634031281E-05
               1       56 -0.134680306217E-05
               1       57 -0.123026150492E-05
               1       58 -0.112525282515E-05
               1       59 -0.103049628205E-05
               1       60 -0.944868436962E-06
               1       61 -0.867382030536E-06
               1       62 -0.797167932107E-06
               1       63 -0.733459681063E-06
               1       64 -0.675580220054E-06
               1       65 -0.622930485949E-06
               1       66 -0.574979578792E-06
               1       67 -0.531256274035E-06
               1       68 -0.491341680641E-06
               1       69 -0.454862878616E-06
               1       70 -0.421487395405E-06
               1       71 -0.390918402136E-06
               1       72 -0.362890528741E-06
               1       73 -0.337166212137E-06
               1       74 -0.313532504384E-06
               1       75 -0.291798278415E-06
               1       76 -0.271791778043E-06
               1       77 -0.253358466550E-06
               1       78 -0.236359134667E-06
               1       79 -0.220668234260E-06
               1       80 -0.206172408720E-06
               1       81 -0.192769195032E-06
               1       82 -0.180365875918E-06
               1       83 -0.168878463350E-06
               1       84 -0.158230797238E-06
               1       85 -0.148353745215E-06
               1       86 -0.139184491306E-06
               2        1  0.720763557857E-01
               2        2  0.463667796488E-01
               2        3  0.294718879037E-01
               2        4  0.184297958391E-01
               2        5  0.112801908773E-01
               2        6  0.670736599478E-02
               2        7  0.382783955457E-02
               2        8  0.204928361096E-02
               2        9  0.977333128181E-03
               2       10  0.351991688157E-03
               2       11  0.392892696780E-05
               2       12 -0.175628729632E-03
               2       13 -0.255521583983E-03
               2       14 -0.278613520895E-03
               2       15 -0.271100635417E-03
               2       16 -0.248615821963E-03
               2       17 -0.220267926334E-03
               2       18 -0.191060237071E-03
               2       19 -0.163376370872E-03
               2       20 -0.138641863864E-03
               2       21 -0.117098796452E-03
               2       22 -0.986934075159E-04
               2       23 -0.831409376339E-04
               2       24 -0.701070991345E-04
               2       25 -0.592324127724E-04
               2       26 -0.501719370204E-04
               2       27 -0.426147929663E-04
               2       28 -0.362996136686E-04
               2       29 -0.310400924921E-04
               2       30 -0.266582942161E-04
               2       31 -0.229774543913E-04
               2       32 -0.198599356592E-04
               2       33 -0.172244541753E-04
               2       34 -0.149950518203E-04
               2       35 -0.130964103969E-04
               2       36 -0.114698313294E-04
               2       37 -0.100776774314E-04
               2       38 -0.888400988101E-05
               2       39 -0.785328372667E-05
               2       40 -0.695836325329E-05
               2       41 -0.618161024604E-05
               2       42 -0.550603789217E-05
               2       43 -0.491479881941E-05
               2       44 -0.439523280895E-05
               2       45 -0.394252112802E-05
               2       46 -0.354325403670E-05
               2       47 -0.318861683966E-05
               2       48 -0.287442256888E-05
               2       49 -0.259556635206E-05
               2       50 -0.234759628590E-05
               2       51 -0.212667964213E-05
               2       52 -0.192950888180E-05
               2       53 -0.175322309543E-05
               2       54 -0.159534215241E-05
               2       55 -0.145371135296E-05
               2       56 -0.132645478461E-05
               2       57 -0.121193591336E-05
               2       58 -0.110872420456E-05
               2       59 -0.101556678258E-05
               2       60 -0.931364312130E-06
               2       61 -0.855150425568E-06
               2       62 -0.786074135978E-06
               2       63 -0.723384770194E-06
               2       64 -0.666419033687E-06
               2       65 -0.614589882970E-06
               2       66 -0.567376933930E-06
               2       67 -0.524318178079E-06
               2       68 -0.485002814876E-06
               2       69 -0.449065038371E-06
               2       70 -0.416178641443E-06
               2       71 -0.386052321867E-06
               2       72 -0.358425591970E-06
               2       73 -0.333065208310E-06
               2       74 -0.309762050234E-06
               2       75 -0.288328386535E-06
               2       76 -0.268595478247E-06
               2       77 -0.250411473079E-06
               2       78 -0.233639553252E-06
               2       79 -0.218156303904E-06
               2       80 -0.203850273761E-06
               2       81 -0.190620703664E-06
               2       82 -0.178376401855E-06
               2       83 -0.167034747772E-06
               2       84 -0.156520808531E-06
               2       85 -0.146766554344E-06
               2       86 -0.137710160945E-06
               3        1  0.653824816974E-01
               3        2  0.424891910640E-01
               3        3  0.272550825850E-01
               3        4  0.171997834290E-01
               3        5  0.106319056242E-01
               3        6  0.639498153867E-02
               3        7  0.370228247824E-02
               3        8  0.202157684236E-02
               3        9  0.995904000028E-03
               3       10  0.388272623353E-03
               3       11  0.431302297360E-04
               3       12 -0.140346537419E-03
               3       13 -0.226645261758E-03
               3       14 -0.256414497080E-03
               3       15 -0.254845979692E-03
               3       16 -0.237219409396E-03
               3       17 -0.212623457473E-03
               3       18 -0.186178031666E-03
               3       19 -0.160473597076E-03
               3       20 -0.137094078660E-03
               3       21 -0.116451977650E-03
               3       22 -0.986214377323E-04
               3       23 -0.834177583522E-04
               3       24 -0.705810459840E-04
               3       25 -0.598018361415E-04
               3       26 -0.507728975688E-04
               3       27 -0.432086822630E-04
               3       28 -0.368654161125E-04
               3       29 -0.315636199630E-04
               3       30 -0.271321102007E-04
               3       31 -0.234011341941E-04
               3       32 -0.202372689381E-04
               3       33 -0.175589460459E-04
               3       34 -0.152903482489E-04
               3       35 -0.133564712207E-04
               3       36 -0.116986342398E-04
               3       37 -0.102786675400E-04
               3       38 -0.906038753874E-05
               3       39 -0.800809977582E-05
               3       40 -0.709439554255E-05
               3       41 -0.630120353105E-05
               3       42 -0.561123706058E-05
               3       43 -0.500728190931E-05
               3       44 -0.447547443018E-05
               3       45 -0.401326109882E-05
               3       46 -0.360677471530E-05
               3       47 -0.324489925022E-05
               3       48 -0.292432231678E-05
               3       49 -0.263989444496E-05
               3       50 -0.238704994154E-05
               3       51 -0.216185971540E-05
               3       52 -0.196093440559E-05
               3       53 -0.178134344824E-05
               3       54 -0.162054726846E-05
               3       55 -0.147634031281E-05
               3       56 -0.134680306217E-05
               3       57 -0.123026150492E-05
               3       58 -0.112525282515E-05
               3       59 -0.103049628205E-05
               3       60 -0.944868436962E-06
               3       61 -0.867382030536E-06
               3       62 -0.797167932107E-06
               3       63 -0.733459681063E-06
               3       64 -0.675580220054E-06
               3       65 -0.622930485949E-06
               3       66 -0.574979578792E-06
               3       67 -0.531256274035E-06
               3       68 -0.491341680641E-06
               3       69 -0.454862878616E-06
               3       70 -0.421487395405E-06
               3       71 -0.390918402136E-06
               3       72 -0.362890528741E-06
               3       73 -0.337166212137E-06
               3       74 -0.313532504384E-06
               3       75 -0.291798278415E-06
               3       76 -0.271791778043E-06
               3       77 -0.253358466550E-06
               3       78 -0.236359134667E-06
               3       79 -0.220668234260E-06
               3       80 -0.206172408720E-06
               3       81 -0.192769195032E-06
               3       82 -0.180365875918E-06
               3       83 -0.168878463350E-06
               3       84 -0.158230797238E-06
               3       85 -0.148353745215E-06
               3       86 -0.139184491306E-06
               4        1  0.472241486073E-02
               4        2  0.299934746860E-02
               4        3  0.195018488917E-02
               4        4  0.128160734590E-02
               4        5  0.845029396980E-03
               4        6  0.556315866773E-03
               4        7  0.364914679870E-03
               4        8  0.238354294111E-03
               4        9  0.155071761761E-03
               4       10  0.100537457371E-03
               4       11  0.650126451772E-04
               4       12  0.419848960985E-04
               4       13  0.271310616008E-04
               4       14  0.176004107245E-04
               4       15  0.115146172185E-04
               4       16  0.765308478553E-05
               4       17  0.516490235862E-05
               4       18  0.361580142517E-05
               4       19  0.261249676394E-05
               4       20  0.194144510933E-05
               4       21  0.149894875790E-05
               4       22  0.119564331303E-05
               4       23  0.981873220870E-06
               4       24  0.822856808724E-06
               4       25  0.703076149482E-06
               4       26  0.608538187370E-06
               4       27  0.534215954462E-06
               4       28  0.468263520169E-06
               4       29  0.408948915876E-06
               4       30  0.359230050763E-06
               4       31  0.320945615784E-06
               4       32  0.285802337188E-06
               4       33  0.252454819089E-06
               4       34  0.223003539226E-06
               4       35  0.198906881327E-06
               4       36  0.176833109423E-06
               4       37  0.156375566816E-06
               4       38  0.138409628359E-06
               4       39  0.123435960474E-06
               4       40  0.109696108988E-06
               4       41  0.969834719769E-07
               4       42  0.856245342585E-07
               4       43  0.759455131171E-07
               4       44  0.711058868963E-07
               4       45  0.722627949195E-07
               4       46  0.677655262185E-07
               4       47  0.600786559988E-07
               4       48  0.532452722127E-07
               4       49  0.472823003394E-07
               4       50  0.420673643109E-07
               4       51  0.374968626308E-07
               4       52  0.334828544520E-07
               4       53  0.299504997359E-07
               4       54  0.268359484010E-07
               4       55  0.240845945012E-07
               4       56  0.216496281190E-07
               4       57  0.194908308255E-07
               4       58  0.175735710038E-07
               4       59  0.158679636538E-07
               4       60  0.143481659399E-07
               4       61  0.129917850754E-07
               4       62  0.117793794187E-07
               4       63  0.106940371155E-07
               4       64  0.972101941382E-08
               4       65  0.884745805167E-08
               4       66  0.806209795981E-08
               4       67  0.735507803026E-08
               4       68  0.671774393275E-08
               4       69  0.614248797273E-08
               4       70  0.562261181514E-08
               4       71  0.515220858412E-08
               4       72  0.472606141456E-08
               4       73  0.433955600093E-08
               4       74  0.398860507800E-08
               4       75  0.366958309234E-08
               4       76  0.337926959350E-08
               4       77  0.311480009990E-08
               4       78  0.287362338341E-08
               4       79  0.265346427531E-08
               4       80  0.245229123000E-08
               4       81  0.226828799494E-08
               4       82  0.209982883053E-08
               4       83  0.194545680369E-08
               4       84  0.180386474686E-08
               4       85  0.167387853219E-08
               4       86  0.155444235925E-08
               5        1  0.653824816974E-01
               5        2  0.424891910640E-01
               5        3  0.272550825850E-01
               5        4  0.171997834290E-01
               5        5  0.106319056242E-01
               5        6  0.639498153867E-02
               5        7  0.370228247824E-02
               5        8  0.202157684236E-02
               5        9  0.995904000028E-03
               5       10  0.388272623353E-03
               5       11  0.431302297360E-04
               5       12 -0.140346537418E-03
               5       13 -0.226645261758E-03
               5       14 -0.256414497080E-03
               5       15 -0.254845979692E-03
               5       16 -0.237219409396E-03
               5       17 -0.212623457473E-03
               5       18 -0.186178031666E-03
               5       19 -0.160473597076E-03
               5       20 -0.137094078660E-03
               5       21 -0.116451977650E-03
               5       22 -0.986214377323E-04
               5       23 -0.834177583522E-04
               5       24 -0.705810459840E-04
               5       25 -0.598018361415E-04
               5       26 -0.507728975688E-04
               5       27 -0.432086822630E-04
               5       28 -0.368654161125E-04
               5       29 -0.315636199630E-04
               5       30 -0.271321102007E-04
               5       31 -0.234011341941E-04
               5       32 -0.202372689381E-04
               5       33 -0.175589460459E-04
               5       34 -0.152903482489E-04
               5       35 -0.133564712207E-04
               5       36 -0.116986342398E-04
               5       37 -0.102786675400E-04
               5       38 -0.906038753874E-05
               5       39 -0.800809977582E-05
               5       40 -0.709439554255E-05
               5       41 -0.630120353105E-05
               5       42 -0.561123706058E-05
               5       43 -0.500728190931E-05
               5       44 -0.447547443018E-05
               5       45 -0.401326109882E-05
               5       46 -0.360677471530E-05
               5       47 -0.324489925022E-05
               5       48 -0.292432231678E-05
               5       49 -0.263989444496E-05
               5       50 -0.238704994154E-05
               5       51 -0.216185971540E-05
               5       52 -0.196093440559E-05
               5       53 -0.178134344824E-05
               5       54 -0.162054726846E-05
               5       55 -0.147634031281E-05
               5       56 -0.134680306217E-05
               5       57 -0.123026150492E-05
               5       58 -0.112525282515E-05
               5       59 -0.103049628205E-05
               5       60 -0.944868436962E-06
               5       61 -0.867382030536E-06
               5       62 -0.797167932107E-06
               5       63 -0.733459681063E-06
               5       64 -0.675580220054E-06
               5       65 -0.622930485949E-06
               5       66 -0.574979578792E-06
               5       67 -0.531256274035E-06
               5       68 -0.491341680641E-06
               5       69 -0.454862878616E-06
               5       70 -0.421487395405E-06
               5       71 -0.390918402136E-06
               5       72 -0.362890528741E-06
               5       73 -0.337166212137E-06
               5       74 -0.313532504384E-06
               5       75 -0.291798278415E-06
               5       76 -0.271791778043E-06
               5       77 -0.253358466550E-06
               5       78 -0.236359134667E-06
               5       79 -0.220668234260E-06
               5       80 -0.206172408720E-06
               5       81 -0.192769195032E-06
               5       82 -0.180365875918E-06
               5       83 -0.168878463350E-06
               5       84 -0.158230797238E-06
               5       85 -0.148353745215E-06
               5       86 -0.139184491306E-06
               6        1  0.000000000000E+00
               6        2  0.000000000000E+00
               6        3  0.000000000000E+00
               6        4  0.000000000000E+00
               6        5  0.000000000000E+00
               6        6  0.000000000000E+00
               6        7  0.000000000000E+00
               6        8  0.000000000000E+00
               6        9  0.000000000000E+00
               6       10  0.000000000000E+00
               6       11  0.000000000000E+00
               6       12  0.000000000000E+00
               6       13  0.000000000000E+00
               6       14  0.000000000000E+00
               6       15  0.000000000000E+00
               6       16  0.000000000000E+00
               6       17  0.000000000000E+00
               6       18  0.000000000000E+00
               6       19  0.000000000000E+00
               6       20  0.000000000000E+00
               6       21  0.000000000000E+00
               6       22  0.000000000000E+00
               6       23  0.000000000000E+00
               6       24  0.000000000000E+00
               6       25  0.000000000000E+00
               6       26  0.000000000000E+00
               6       27  0.000000000000E+00
               6       28  0.000000000000E+00
               6       29  0.000000000000E+00
               6       30  0.000000000000E+00
               6       31  0.000000000000E+00
               6       32  0.000000000000E+00
               6       33  0.000000000000E+00
               6       34  0.000000000000E+00
               6       35  0.000000000000E+00
               6       36  0.000000000000E+00
               6       37  0.000000000000E+00
               6       38  0.000000000000E+00
               6       39  0.000000000000E+00
               6       40  0.000000000000E+00
               6       41  0.000000000000E+00
               6       42  0.000000000000E+00
               6       43  0.000000000000E+00
               6       44  0.000000000000E+00
               6       45  0.000000000000E+00
               6       46  0.000000000000E+00
               6       47  0.000000000000E+00
               6       48  0.000000000000E+00
               6       49  0.000000000000E+00
               6       50  0.000000000000E+00
               6       51  0.000000000000E+00
               6       52  0.000000000000E+00
               6       53  0.000000000000E+00
               6       54  0.000000000000E+00
               6       55  0.000000000000E+00
               6       56  0.000000000000E+00
               6       57  0.000000000000E+00
               6       58  0.000000000000E+00
               6       59  0.000000000000E+00
               6       60  0.000000000000E+00
               6       61  0.000000000000E+00
               6       62  0.000000000000E+00
               6       63  0.000000000000E+00
               6       64  0.000000000000E+00
               6       65  0.000000000000E+00
               6       66  0.000000000000E+00
               6       67  0.000000000000E+00
               6       68  0.000000000000E+00
               6       69  0.000000000000E+00
               6       70  0.000000000000E+00
               6       71  0.000000000000E+00
               6       72  0.000000000000E+00
               6       73  0.000000000000E+00
               6       74  0.000000000000E+00
               6       75  0.000000000000E+00
               6       76  0.000000000000E+00
               6       77  0.000000000000E+00
               6       78  0.000000000000E+00
               6       79  0.000000000000E+00
               6       80  0.000000000000E+00
               6       81  0.000000000000E+00
               6       82  0.000000000000E+00
               6       83  0.000000000000E+00
               6       84  0.000000000000E+00
               6       85  0.000000000000E+00
               6       86  0.000000000000E+00
               7        1  0.720763557857E-01
               7        2  0.463667796488E-01
               7        3  0.294718879037E-01
               7        4  0.184297958391E-01
               7        5  0.112801908773E-01
               7        6  0.670736599478E-02
               7        7  0.382783955457E-02
               7        8  0.204928361096E-02
               7        9  0.977333128181E-03
               7       10  0.351991688157E-03
               7       11  0.392892696780E-05
               7       12 -0.175628729632E-03
               7       13 -0.255521583983E-03
               7       14 -0.278613520895E-03
               7       15 -0.271100635417E-03
               7       16 -0.248615821963E-03
               7       17 -0.220267926334E-03
               7       18 -0.191060237071E-03
               7       19 -0.163376370872E-03
               7       20 -0.138641863864E-03
               7       21 -0.117098796452E-03
               7       22 -0.986934075159E-04
               7       23 -0.831409376339E-04
               7       24 -0.701070991345E-04
               7       25 -0.592324127724E-04
               7       26 -0.501719370204E-04
               7       27 -0.426147929663E-04
               7       28 -0.362996136686E-04
               7       29 -0.310400924921E-04
               7       30 -0.266582942161E-04
               7       31 -0.229774543913E-04
               7       32 -0.198599356592E-04
               7       33 -0.172244541753E-04
               7       34 -0.149950518203E-04
               7       35 -0.130964103969E-04
               7       36 -0.114698313294E-04
               7       37 -0.100776774314E-04
               7       38 -0.888400988101E-05
               7       39 -0.785328372667E-05
               7       40 -0.695836325329E-05
               7       41 -0.618161024604E-05
               7       42 -0.550603789217E-05
               7       43 -0.491479881941E-05
               7       44 -0.439523280895E-05
               7       45 -0.394252112802E-05
               7       46 -0.354325403670E-05
               7       47 -0.318861683966E-05
               7       48 -0.287442256888E-05
               7       49 -0.259556635206E-05
               7       50 -0.234759628590E-05
               7       51 -0.212667964213E-05
               7       52 -0.192950888180E-05
               7       53 -0.175322309543E-05
               7       54 -0.159534215241E-05
               7       55 -0.145371135296E-05
               7       56 -0.132645478461E-05
               7       57 -0.121193591336E-05
               7       58 -0.110872420456E-05
               7       59 -0.101556678258E-05
               7       60 -0.931364312130E-06
               7       61 -0.855150425568E-06
               7       62 -0.786074135978E-06
               7       63 -0.723384770194E-06
               7       64 -0.666419033687E-06
               7       65 -0.614589882970E-06
               7       66 -0.567376933930E-06
               7       67 -0.524318178079E-06
               7       68 -0.485002814876E-06
               7       69 -0.449065038371E-06
               7       70 -0.416178641443E-06
               7       71 -0.386052321867E-06
               7       72 -0.358425591970E-06
               7       73 -0.333065208310E-06
               7       74 -0.309762050234E-06
               7       75 -0.288328386535E-06
               7       76 -0.268595478247E-06
               7       77 -0.250411473079E-06
               7       78 -0.233639553252E-06
               7       79 -0.218156303904E-06
               7       80 -0.203850273761E-06
               7       81 -0.190620703664E-06
               7       82 -0.178376401855E-06
               7       83 -0.167034747772E-06
               7       84 -0.156520808531E-06
               7       85 -0.146766554344E-06
               7       86 -0.137710160945E-06
               8        1 -0.472241486073E-02
               8        2 -0.299934746860E-02
               8        3 -0.195018488917E-02
               8        4 -0.128160734590E-02
               8        5 -0.845029396980E-03
               8        6 -0.556315866773E-03
               8        7 -0.364914679870E-03
               8        8 -0.238354294111E-03
               8        9 -0.155071761761E-03
               8       10 -0.100537457371E-03
               8       11 -0.650126451772E-04
               8       12 -0.419848960985E-04
               8       13 -0.271310616008E-04
               8       14 -0.176004107245E-04
               8       15 -0.115146172185E-04
               8       16 -0.765308478553E-05
               8       17 -0.516490235862E-05
               8       18 -0.361580142517E-05
               8       19 -0.261249676394E-05
               8       20 -0.194144510933E-05
               8       21 -0.149894875790E-05
               8       22 -0.119564331303E-05
               8       23 -0.981873220870E-06
               8       24 -0.822856808724E-06
               8       25 -0.703076149482E-06
               8       26 -0.608538187370E-06
               8       27 -0.534215954462E-06
               8       28 -0.468263520169E-06
               8       29 -0.408948915876E-06
               8       30 -0.359230050763E-06
               8       31 -0.320945615784E-06
               8       32 -0.285802337188E-06
               8       33 -0.252454819089E-06
               8       34 -0.223003539226E-06
               8       35 -0.198906881327E-06
               8       36 -0.176833109423E-06
               8       37 -0.156375566816E-06
               8       38 -0.138409628359E-06
               8       39 -0.123435960474E-06
               8       40 -0.109696108988E-06
               8       41 -0.969834719769E-07
               8       42 -0.856245342585E-07
               8       43 -0.759455131171E-07
               8       44 -0.711058868963E-07
               8       45 -0.722627949195E-07
               8       46 -0.677655262185E-07
               8       47 -0.600786559988E-07
               8       48 -0.532452722127E-07
               8       49 -0.472823003394E-07
               8       50 -0.420673643109E-07
               8       51 -0.374968626308E-07
               8       52 -0.334828544520E-07
               8       53 -0.299504997359E-07
               8       54 -0.268359484010E-07
               8       55 -0.240845945012E-07
               8       56 -0.216496281190E-07
               8       57 -0.194908308255E-07
               8       58 -0.175735710038E-07
               8       59 -0.158679636538E-07
               8       60 -0.143481659399E-07
               8       61 -0.129917850754E-07
               8       62 -0.117793794187E-07
               8       63 -0.106940371155E-07
               8       64 -0.972101941382E-08
               8       65 -0.884745805167E-08
               8       66 -0.806209795981E-08
               8       67 -0.735507803026E-08
               8       68 -0.671774393275E-08
               8       69 -0.614248797273E-08
               8       70 -0.562261181514E-08
               8       71 -0.515220858412E-08
               8       72 -0.472606141456E-08
               8       73 -0.433955600093E-08
               8       74 -0.398860507800E-08
               8       75 -0.366958309234E-08
               8       76 -0.337926959350E-08
               8       77 -0.311480009990E-08
               8       78 -0.287362338341E-08
               8       79 -0.265346427531E-08
               8       80 -0.245229123000E-08
               8       81 -0.226828799494E-08
               8       82 -0.209982883053E-08
               8       83 -0.194545680369E-08
               8       84 -0.180386474686E-08
               8       85 -0.167387853219E-08
               8       86 -0.155444235925E-08
               9        1  0.653824816974E-01
               9        2  0.424891910640E-01
               9        3  0.272550825850E-01
               9        4  0.171997834290E-01
               9        5  0.106319056242E-01
               9        6  0.639498153867E-02
               9        7  0.370228247824E-02
               9        8  0.202157684236E-02
               9        9  0.995904000028E-03
               9       10  0.388272623353E-03
               9       11  0.431302297360E-04
               9       12 -0.140346537418E-03
               9       13 -0.226645261758E-03
               9       14 -0.256414497080E-03
               9       15 -0.254845979692E-03
               9       16 -0.237219409396E-03
               9       17 -0.212623457473E-03
               9       18 -0.186178031666E-03
               9       19 -0.160473597076E-03
               9       20 -0.137094078660E-03
               9       21 -0.116451977650E-03
               9       22 -0.986214377323E-04
               9       23 -0.834177583522E-04
               9       24 -0.705810459840E-04
               9       25 -0.598018361415E-04
               9       26 -0.507728975688E-04
               9       27 -0.432086822630E-04
               9       28 -0.368654161125E-04
               9       29 -0.315636199630E-04
               9       30 -0.271321102007E-04
               9       31 -0.234011341941E-04
               9       32 -0.202372689381E-04
               9       33 -0.175589460459E-04
               9       34 -0.152903482489E-04
               9       35 -0.133564712207E-04
               9       36 -0.116986342398E-04
               9       37 -0.102786675400E-04
               9       38 -0.906038753874E-05
               9       39 -0.800809977582E-05
               9       40 -0.709439554255E-05
               9       41 -0.630120353105E-05
               9       42 -0.561123706058E-05
               9       43 -0.500728190931E-05
               9       44 -0.447547443018E-05
               9       45 -0.401326109882E-05
               9       46 -0.360677471530E-05
               9       47 -0.324489925022E-05
               9       48 -0.292432231678E-05
               9       49 -0.263989444496E-05
               9       50 -0.238704994154E-05
               9       51 -0.216185971540E-05
               9       52 -0.196093440559E-05
               9       53 -0.178134344824E-05
               9       54 -0.162054726846E-05
               9       55 -0.147634031281E-05
               9       56 -0.134680306217E-05
               9       57 -0.123026150492E-05
               9       58 -0.112525282515E-05
               9       59 -0.103049628205E-05
               9       60 -0.944868436962E-06
               9       61 -0.867382030536E-06
               9       62 -0.797167932107E-06
               9       63 -0.733459681063E-06
               9       64 -0.675580220054E-06
               9       65 -0.622930485949E-06
               9       66 -0.574979578792E-06
               9       67 -0.531256274035E-06
               9       68 -0.491341680641E-06
               9       69 -0.454862878616E-06
               9       70 -0.421487395405E-06
               9       71 -0.390918402136E-06
               9       72 -0.362890528741E-06
               9       73 -0.337166212137E-06
               9       74 -0.313532504384E-06
               9       75 -0.291798278415E-06
               9       76 -0.271791778043E-06
               9       77 -0.253358466550E-06
               9       78 -0.236359134667E-06
               9       79 -0.220668234260E-06
               9       80 -0.206172408720E-06
               9       81 -0.192769195032E-06
               9       82 -0.180365875918E-06
               9       83 -0.168878463350E-06
               9       84 -0.158230797238E-06
               9       85 -0.148353745215E-06
               9       86 -0.139184491306E-06
              10        1  0.706193767715E-01
              10        2  0.455270740067E-01
              10        3  0.289925820725E-01
              10        4  0.181633880715E-01
              10        5  0.111389885735E-01
              10        6  0.663850664000E-02
              10        7  0.379934732327E-02
              10        8  0.204207346837E-02
              10        9  0.980323868893E-03
              10       10  0.359024576065E-03
              10       11  0.117952895227E-04
              10       12 -0.168433215256E-03
              10       13 -0.249567211744E-03
              10       14 -0.273992537818E-03
              10       15 -0.267684791390E-03
              10       16 -0.246194727383E-03
              10       17 -0.218621384396E-03
              10       18 -0.189987381435E-03
              10       19 -0.162717953901E-03
              10       20 -0.138270019263E-03
              10       21 -0.116919586413E-03
              10       22 -0.986389853644E-04
              10       23 -0.831640300133E-04
              10       24 -0.701758431044E-04
              10       25 -0.593251694459E-04
              10       26 -0.502749076849E-04
              10       27 -0.427194620778E-04
              10       28 -0.364011974712E-04
              10       29 -0.311352570097E-04
              10       30 -0.267451346879E-04
              10       31 -0.230555508491E-04
              10       32 -0.199298120828E-04
              10       33 -0.172866211657E-04
              10       34 -0.150500761666E-04
              10       35 -0.131449501033E-04
              10       36 -0.115125893451E-04
              10       37 -0.101152695930E-04
              10       38 -0.891701284222E-05
              10       39 -0.788225434193E-05
              10       40 -0.698382031483E-05
              10       41 -0.620399209417E-05
              10       42 -0.552572501702E-05
              10       43 -0.493210455682E-05
              10       44 -0.441025006416E-05
              10       45 -0.395575112639E-05
              10       46 -0.355512847303E-05
              10       47 -0.319914074605E-05
              10       48 -0.288375652349E-05
              10       49 -0.260386110643E-05
              10       50 -0.235498150335E-05
              10       51 -0.213326711777E-05
              10       52 -0.193539523080E-05
              10       53 -0.175849200385E-05
              10       54 -0.160006626699E-05
              10       55 -0.145795387203E-05
              10       56 -0.133027080083E-05
              10       57 -0.121537354991E-05
              10       58 -0.111182557892E-05
              10       59 -0.101836882596E-05
              10       60 -0.933899467820E-06
              10       61 -0.857447245423E-06
              10       62 -0.788157790994E-06
              10       63 -0.725277488503E-06
              10       64 -0.668140477046E-06
              10       65 -0.616157471047E-06
              10       66 -0.568806124156E-06
              10       67 -0.525622707630E-06
              10       68 -0.486194910290E-06
              10       69 -0.450155597464E-06
              10       70 -0.417177391458E-06
              10       71 -0.386967957202E-06
              10       72 -0.359265894320E-06
              10       73 -0.333837151647E-06
              10       74 -0.310471892679E-06
              10       75 -0.288981750886E-06
              10       76 -0.269197422675E-06
              10       77 -0.250966553280E-06
              10       78 -0.234151877172E-06
              10       79 -0.218629579990E-06
              10       80 -0.204287853566E-06
              10       81 -0.191025619513E-06
              10       82 -0.178751400195E-06
              10       83 -0.167382318740E-06
              10       84 -0.156843212191E-06
              10       85 -0.147065844013E-06
              10       86 -0.137988203941E-06
              11        1 -0.105592174485E-02
              11        2 -0.668158522718E-03
              11        3 -0.442712618068E-03
              11        4 -0.300975526567E-03
              11        5 -0.207668966033E-03
              11        6 -0.144551506453E-03
              11        7 -0.101395277716E-03
              11        8 -0.717474353780E-04
              11        9 -0.512966918655E-04
              11       10 -0.370902363892E-04
              11       11 -0.271402629990E-04
              11       12 -0.201065602181E-04
              11       13 -0.150878044105E-04
              11       14 -0.114743153253E-04
              11       15 -0.884629836536E-05
              11       16 -0.692106219973E-05
              11       17 -0.546224319850E-05
              11       18 -0.439364378493E-05
              11       19 -0.356107123627E-05
              11       20 -0.290499256405E-05
              11       21 -0.239273843106E-05
              11       22 -0.198618531675E-05
              11       23 -0.165955508012E-05
              11       24 -0.139351424168E-05
              11       25 -0.117700689989E-05
              11       26 -0.998856808045E-06
              11       27 -0.852947205739E-06
              11       28 -0.728396515521E-06
              11       29 -0.621863425911E-06
              11       30 -0.533439347685E-06
              11       31 -0.462367950774E-06
              11       32 -0.400850916748E-06
              11       33 -0.346790676073E-06
              11       34 -0.300760291305E-06
              11       35 -0.262835129868E-06
              11       36 -0.229668872905E-06
              11       37 -0.200442689863E-06
              11       38 -0.175368613985E-06
              11       39 -0.154368936272E-06
              11       40 -0.135753447993E-06
              11       41 -0.119153538481E-06
              11       42 -0.104630693644E-06
              11       43 -0.922682955624E-07
              11       44 -0.843691740622E-07
              11       45 -0.815948401271E-07
              11       46 -0.750735789889E-07
              11       47 -0.664520616515E-07
              11       48 -0.588299344444E-07
              11       49 -0.521859983473E-07
              11       50 -0.463817891236E-07
              11       51 -0.413002169046E-07
              11       52 -0.368420008972E-07
              11       53 -0.329227418251E-07
              11       54 -0.294705105551E-07
              11       55 -0.264238559105E-07
              11       56 -0.237301539932E-07
              11       57 -0.213442365979E-07
              11       58 -0.192272483977E-07
              11       59 -0.173456922024E-07
              11       60 -0.156706292725E-07
              11       61 -0.141770078196E-07
              11       62 -0.128430977668E-07
              11       63 -0.116500138211E-07
              11       64 -0.105813121296E-07
              11       65 -0.962264839774E-08
              11       66 -0.876148746871E-08
              11       67 -0.798685609115E-08
              11       68 -0.728913201499E-08
              11       69 -0.665986371278E-08
              11       70 -0.609161597476E-08
              11       71 -0.557783740967E-08
              11       72 -0.511274652965E-08
              11       73 -0.469123363324E-08
              11       74 -0.430877614423E-08
              11       75 -0.396136543337E-08
              11       76 -0.364544345762E-08
              11       77 -0.335784780836E-08
              11       78 -0.309576397490E-08
              11       79 -0.285668380998E-08
              11       80 -0.263836933519E-08
              11       81 -0.243882115179E-08
              11       82 -0.225625082992E-08
              11       83 -0.208905674004E-08
              11       84 -0.193580286720E-08
              11       85 -0.179520021427E-08
              11       86 -0.166609045528E-08
              12        1  0.864175428857E-02
              12        2  0.500594533750E-02
              12        3  0.286188336037E-02
              12        4  0.158793919329E-02
              12        5  0.836932663016E-03
              12        6  0.403286598700E-03
              12        7  0.162093488534E-03
              12        8  0.357692844537E-04
              12        9 -0.239748924621E-04
              12       10 -0.468384859321E-04
              12       11 -0.506086642569E-04
              12       12 -0.455491142866E-04
              12       13 -0.372791716916E-04
              12       14 -0.286588165125E-04
              12       15 -0.209846703077E-04
              12       16 -0.147127053594E-04
              12       17 -0.986896686336E-05
              12       18 -0.630290007473E-05
              12       19 -0.374746485630E-05
              12       20 -0.199818210566E-05
              12       21 -0.835039483352E-06
              12       22 -0.929125911899E-07
              12       23  0.357374010594E-06
              12       24  0.611862751706E-06
              12       25  0.735122408494E-06
              12       26  0.775836731879E-06
              12       27  0.766707785231E-06
              12       28  0.730447814182E-06
              12       29  0.675871058700E-06
              12       30  0.611693805789E-06
              12       31  0.546968273491E-06
              12       32  0.487135168393E-06
              12       33  0.431827148076E-06
              12       34  0.381226050053E-06
              12       35  0.335737079887E-06
              12       36  0.295383287220E-06
              12       37  0.259477114529E-06
              12       38  0.227702577013E-06
              12       39  0.199866660032E-06
              12       40  0.175616930274E-06
              12       41  0.154394267059E-06
              12       42  0.135811542435E-06
              12       43  0.119395155661E-06
              12       44  0.103591487565E-06
              12       45  0.913249096077E-07
              12       46  0.820048434505E-07
              12       47  0.726602795910E-07
              12       48  0.644202975303E-07
              12       49  0.572273218553E-07
              12       50  0.509344504214E-07
              12       51  0.454172793032E-07
              12       52  0.405701767615E-07
              12       53  0.363032193784E-07
              12       54  0.325396649034E-07
              12       55  0.292138615545E-07
              12       56  0.262695133786E-07
              12       57  0.236582369833E-07
              12       58  0.213383574200E-07
              12       59  0.192739009291E-07
              12       60  0.174337501938E-07
              12       61  0.157909341122E-07
              12       62  0.143220292179E-07
              12       63  0.130066540026E-07
              12       64  0.118270407440E-07
              12       65  0.107676721460E-07
              12       66  0.981497231135E-08
              12       67  0.895704336359E-08
              12       68  0.818344051353E-08
              12       69  0.748497957033E-08
              12       70  0.685357189516E-08
              12       71  0.628208261406E-08
              12       72  0.576420858507E-08
              12       73  0.529437317612E-08
              12       74  0.486763537669E-08
              12       75  0.447961115459E-08
              12       76  0.412640529270E-08
              12       77  0.380455221150E-08
              12       78  0.351096450961E-08
              12       79  0.324288814517E-08
              12       80  0.299786334066E-08
              12       81  0.277369042883E-08
              12       82  0.256839997106E-08
              12       83  0.238022657602E-08
              12       84  0.220758592791E-08
              12       85  0.204905460291E-08
              12       86  0.190335231135E-08
              13        1  0.667478150284E-01
              13        2  0.432629545759E-01
              13        3  0.276944356974E-01
              13        4  0.174454062259E-01
              13        5  0.107645246706E-01
              13        6  0.646216265372E-02
              13        7  0.373254668590E-02
              13        8  0.203194623362E-02
              13        9  0.996321618413E-03
              13       10  0.384328361851E-03
              13       11  0.377989813617E-04
              13       12 -0.145607133446E-03
              13       13 -0.231211869229E-03
              13       14 -0.260099080176E-03
              13       15 -0.257672918651E-03
              13       16 -0.239306179337E-03
              13       17 -0.214113312651E-03
              13       18 -0.187214650606E-03
              13       19 -0.161172082430E-03
              13       20 -0.137549600261E-03
              13       21 -0.116737605272E-03
              13       22 -0.987911464824E-04
              13       23 -0.835099359802E-04
              13       24 -0.706220346704E-04
              13       25 -0.598104250268E-04
              13       26 -0.507616552761E-04
              13       27 -0.431859320151E-04
              13       28 -0.368362825313E-04
              13       29 -0.315319802069E-04
              13       30 -0.271006256365E-04
              13       31 -0.233712015648E-04
              13       32 -0.202093187627E-04
              13       33 -0.175332726648E-04
              13       34 -0.152671151494E-04
              13       35 -0.133356862778E-04
              13       36 -0.116801374507E-04
              13       37 -0.102622922994E-04
              13       38 -0.904596079905E-05
              13       39 -0.799542801419E-05
              13       40 -0.708325548924E-05
              13       41 -0.629140499519E-05
              13       42 -0.560262134011E-05
              13       43 -0.499971435293E-05
              13       44 -0.446889982351E-05
              13       45 -0.400750108588E-05
              13       46 -0.360162408905E-05
              13       47 -0.324032523173E-05
              13       48 -0.292025299692E-05
              13       49 -0.263626748940E-05
              13       50 -0.238381150880E-05
              13       51 -0.215896319500E-05
              13       52 -0.195833935878E-05
              13       53 -0.177901471644E-05
              13       54 -0.161845422080E-05
              13       55 -0.147445620974E-05
              13       56 -0.134510451567E-05
              13       57 -0.122872801977E-05
              13       58 -0.112386640811E-05
              13       59 -0.102924110818E-05
              13       60 -0.943730564089E-06
              13       61 -0.866349154428E-06
              13       62 -0.796229176129E-06
              13       63 -0.732605415074E-06
              13       64 -0.674801904194E-06
              13       65 -0.622220535628E-06
              13       66 -0.574331247796E-06
              13       67 -0.530663553137E-06
              13       68 -0.490799209495E-06
              13       69 -0.454365869072E-06
              13       70 -0.421031564652E-06
              13       71 -0.390499914310E-06
              13       72 -0.362505943855E-06
              13       73 -0.336812441341E-06
              13       74 -0.313206770704E-06
              13       75 -0.291498082263E-06
              13       76 -0.271514866861E-06
              13       77 -0.253102808059E-06
              13       78 -0.236122893262E-06
              13       79 -0.220449750151E-06
              13       80 -0.205970179474E-06
              13       81 -0.192581859217E-06
              13       82 -0.180192198598E-06
              13       83 -0.168717323196E-06
              13       84 -0.158081175068E-06
              13       85 -0.148214713789E-06
              13       86 -0.139055206227E-06
              14        1 -0.873073053566E-02
              14        2 -0.554946031908E-02
              14        3 -0.359394523324E-02
              14        4 -0.234445624206E-02
              14        5 -0.152984997431E-02
              14        6 -0.993589541580E-03
              14        7 -0.640352257525E-03
              14        8 -0.408706200973E-03
              14        9 -0.257902524116E-03
              14       10 -0.160566415075E-03
              14       11 -0.983643795682E-04
              14       12 -0.590554978412E-04
              14       13 -0.345340542275E-04
              14       14 -0.194816176864E-04
              14       15 -0.104252286077E-04
              14       16 -0.512518644574E-05
              14       17 -0.208819002793E-05
              14       18 -0.475163513964E-06
              14       19  0.326235955420E-06
              14       20  0.690391477503E-06
              14       21  0.792593214380E-06
              14       22  0.766634157083E-06
              14       23  0.678898449574E-06
              14       24  0.573673707599E-06
              14       25  0.466509687869E-06
              14       26  0.369337987156E-06
              14       27  0.282804707673E-06
              14       28  0.214550710458E-06
              14       29  0.162661473824E-06
              14       30  0.120681239879E-06
              14       31  0.831885685595E-07
              14       32  0.552206999884E-07
              14       33  0.361529338205E-07
              14       34  0.222810325073E-07
              14       35  0.104744911061E-07
              14       36  0.238730344636E-08
              14       37 -0.248947457132E-08
              14       38 -0.574598827666E-08
              14       39 -0.863635775468E-08
              14       40 -0.101560873363E-07
              14       41 -0.104816534842E-07
              14       42 -0.102366017208E-07
              14       43 -0.100059540741E-07
              14       44 -0.128659006323E-07
              14       45 -0.202581129484E-07
              14       46 -0.214970700407E-07
              14       47 -0.192416117621E-07
              14       48 -0.171636126844E-07
              14       49 -0.153376371102E-07
              14       50 -0.137298709255E-07
              14       51 -0.123114597430E-07
              14       52 -0.110577212290E-07
              14       53 -0.994749180395E-08
              14       54 -0.896258325880E-08
              14       55 -0.808732954626E-08
              14       56 -0.730820777401E-08
              14       57 -0.661352042733E-08
              14       58 -0.599312825748E-08
              14       59 -0.543822520753E-08
              14       60 -0.494114830770E-08
              14       61 -0.449521673480E-08
              14       62 -0.409459525442E-08
              14       63 -0.373417809723E-08
              14       64 -0.340949000073E-08
              14       65 -0.311660170335E-08
              14       66 -0.285205763372E-08
              14       67 -0.261281391287E-08
              14       68 -0.239618509604E-08
              14       69 -0.219979833598E-08
              14       70 -0.202155386127E-08
              14       71 -0.185959083845E-08
              14       72 -0.171225783323E-08
              14       73 -0.157808720729E-08
              14       74 -0.145577288956E-08
              14       75 -0.134415104561E-08
              14       76 -0.124218324064E-08
              14       77 -0.114894175154E-08
              14       78 -0.106359673427E-08
              14       79 -0.985404995417E-09
              14       80 -0.913700153219E-09
              14       81 -0.847884003757E-09
              14       82 -0.787418934150E-09
              14       83 -0.731821246703E-09
              14       84 -0.680655276770E-09
              14       85 -0.633528203180E-09
              14       86 -0.590085463831E-09
              15        1  0.000000000000E+00
              15        2  0.000000000000E+00
              15        3  0.000000000000E+00
              15        4  0.000000000000E+00
              15        5  0.000000000000E+00
              15        6  0.000000000000E+00
              15        7  0.000000000000E+00
              15        8  0.000000000000E+00
              15        9  0.000000000000E+00
              15       10  0.000000000000E+00
              15       11  0.000000000000E+00
              15       12  0.000000000000E+00
              15       13  0.000000000000E+00
              15       14  0.000000000000E+00
              15       15  0.000000000000E+00
              15       16  0.000000000000E+00
              15       17  0.000000000000E+00
              15       18  0.000000000000E+00
              15       19  0.000000000000E+00
              15       20  0.000000000000E+00
              15       21  0.000000000000E+00
              15       22  0.000000000000E+00
              15       23  0.000000000000E+00
              15       24  0.000000000000E+00
              15       25  0.000000000000E+00
              15       26  0.000000000000E+00
              15       27  0.000000000000E+00
              15       28  0.000000000000E+00
              15       29  0.000000000000E+00
              15       30  0.000000000000E+00
              15       31  0.000000000000E+00
              15       32  0.000000000000E+00
              15       33  0.000000000000E+00
              15       34  0.000000000000E+00
              15       35  0.000000000000E+00
              15       36  0.000000000000E+00
              15       37  0.000000000000E+00
              15       38  0.000000000000E+00
              15       39  0.000000000000E+00
              15       40  0.000000000000E+00
              15       41  0.000000000000E+00
              15       42  0.000000000000E+00
              15       43  0.000000000000E+00
              15       44  0.000000000000E+00
              15       45  0.000000000000E+00
              15       46  0.000000000000E+00
              15       47  0.000000000000E+00
              15       48  0.000000000000E+00
              15       49  0.000000000000E+00
              15       50  0.000000000000E+00
              15       51  0.000000000000E+00
              15       52  0.000000000000E+00
              15       53  0.000000000000E+00
              15       54  0.000000000000E+00
              15       55  0.000000000000E+00
              15       56  0.000000000000E+00
              15       57  0.000000000000E+00
              15       58  0.000000000000E+00
              15       59  0.000000000000E+00
              15       60  0.000000000000E+00
              15       61  0.000000000000E+00
              15       62  0.000000000000E+00
              15       63  0.000000000000E+00
              15       64  0.000000000000E+00
              15       65  0.000000000000E+00
              15       66  0.000000000000E+00
              15       67  0.000000000000E+00
              15       68  0.000000000000E+00
              15       69  0.000000000000E+00
              15       70  0.000000000000E+00
              15       71  0.000000000000E+00
              15       72  0.000000000000E+00
              15       73  0.000000000000E+00
              15       74  0.000000000000E+00
              15       75  0.000000000000E+00
              15       76  0.000000000000E+00
              15       77  0.000000000000E+00
              15       78  0.000000000000E+00
              15       79  0.000000000000E+00
              15       80  0.000000000000E+00
              15       81  0.000000000000E+00
              15       82  0.000000000000E+00
              15       83  0.000000000000E+00
              15       84  0.000000000000E+00
              15       85  0.000000000000E+00
              15       86  0.000000000000E+00
              16        1  0.633344817008E-01
              16        2  0.413285457962E-01
              16        3  0.265960529164E-01
              16        4  0.168313492337E-01
              16        5  0.104329770545E-01
              16        6  0.629420986610E-02
              16        7  0.365688616676E-02
              16        8  0.200602275546E-02
              16        9  0.995277572450E-03
              16       10  0.394189015605E-03
              16       11  0.511271022974E-04
              16       12 -0.132455643378E-03
              16       13 -0.219795350552E-03
              16       14 -0.250887622435E-03
              16       15 -0.250605571252E-03
              16       16 -0.234089254485E-03
              16       17 -0.210388674704E-03
              16       18 -0.184623103257E-03
              16       19 -0.159425869045E-03
              16       20 -0.136410796259E-03
              16       21 -0.116023536216E-03
              16       22 -0.983668746070E-04
              16       23 -0.832794919102E-04
              16       24 -0.705195629543E-04
              16       25 -0.597889528135E-04
              16       26 -0.507897610077E-04
              16       27 -0.432428076350E-04
              16       28 -0.369091164844E-04
              16       29 -0.316110795973E-04
              16       30 -0.271793370469E-04
              16       31 -0.234460331381E-04
              16       32 -0.202791942012E-04
              16       33 -0.175974561176E-04
              16       34 -0.153251978982E-04
              16       35 -0.133876486352E-04
              16       36 -0.117263794235E-04
              16       37 -0.103032304010E-04
              16       38 -0.908202764827E-05
              16       39 -0.802710741826E-05
              16       40 -0.711110562251E-05
              16       41 -0.631590133485E-05
              16       42 -0.562416064129E-05
              16       43 -0.501863324387E-05
              16       44 -0.448533634018E-05
              16       45 -0.402190111824E-05
              16       46 -0.361450065466E-05
              16       47 -0.325176027795E-05
              16       48 -0.293042629656E-05
              16       49 -0.264533487828E-05
              16       50 -0.239190759065E-05
              16       51 -0.216620449601E-05
              16       52 -0.196482697579E-05
              16       53 -0.178483654595E-05
              16       54 -0.162368683994E-05
              16       55 -0.147916646742E-05
              16       56 -0.134935088193E-05
              16       57 -0.123256173265E-05
              16       58 -0.112733245070E-05
              16       59 -0.103237904285E-05
              16       60 -0.946575246271E-06
              16       61 -0.868931344698E-06
              16       62 -0.798576066074E-06
              16       63 -0.734741080045E-06
              16       64 -0.676747693844E-06
              16       65 -0.623995411432E-06
              16       66 -0.575952075285E-06
              16       67 -0.532145355382E-06
              16       68 -0.492155387360E-06
              16       69 -0.455608392931E-06
              16       70 -0.422171141534E-06
              16       71 -0.391546133875E-06
              16       72 -0.363467406068E-06
              16       73 -0.337696868332E-06
              16       74 -0.314021104904E-06
              16       75 -0.292248572642E-06
              16       76 -0.272207144816E-06
              16       77 -0.253741954287E-06
              16       78 -0.236713496774E-06
              16       79 -0.220995960422E-06
              16       80 -0.206475752589E-06
              16       81 -0.193050198754E-06
              16       82 -0.180626391897E-06
              16       83 -0.169120173580E-06
              16       84 -0.158455230492E-06
              16       85 -0.148562292353E-06
              16       86 -0.139378418923E-06
              17        1 -0.105592174485E-02
              17        2 -0.668158522718E-03
              17        3 -0.442712618068E-03
              17        4 -0.300975526567E-03
              17        5 -0.207668966033E-03
              17        6 -0.144551506453E-03
              17        7 -0.101395277716E-03
              17        8 -0.717474353780E-04
              17        9 -0.512966918655E-04
              17       10 -0.370902363892E-04
              17       11 -0.271402629990E-04
              17       12 -0.201065602181E-04
              17       13 -0.150878044105E-04
              17       14 -0.114743153253E-04
              17       15 -0.884629836536E-05
              17       16 -0.692106219973E-05
              17       17 -0.546224319850E-05
              17       18 -0.439364378493E-05
              17       19 -0.356107123627E-05
              17       20 -0.290499256405E-05
              17       21 -0.239273843106E-05
              17       22 -0.198618531675E-05
              17       23 -0.165955508012E-05
              17       24 -0.139351424168E-05
              17       25 -0.117700689989E-05
              17       26 -0.998856808045E-06
              17       27 -0.852947205739E-06
              17       28 -0.728396515521E-06
              17       29 -0.621863425911E-06
              17       30 -0.533439347685E-06
              17       31 -0.462367950774E-06
              17       32 -0.400850916748E-06
              17       33 -0.346790676073E-06
              17       34 -0.300760291305E-06
              17       35 -0.262835129868E-06
              17       36 -0.229668872905E-06
              17       37 -0.200442689863E-06
              17       38 -0.175368613985E-06
              17       39 -0.154368936272E-06
              17       40 -0.135753447993E-06
              17       41 -0.119153538481E-06
              17       42 -0.104630693644E-06
              17       43 -0.922682955624E-07
              17       44 -0.843691740622E-07
              17       45 -0.815948401271E-07
              17       46 -0.750735789889E-07
              17       47 -0.664520616515E-07
              17       48 -0.588299344444E-07
              17       49 -0.521859983473E-07
              17       50 -0.463817891236E-07
              17       51 -0.413002169046E-07
              17       52 -0.368420008972E-07
              17       53 -0.329227418251E-07
              17       54 -0.294705105551E-07
              17       55 -0.264238559105E-07
              17       56 -0.237301539932E-07
              17       57 -0.213442365979E-07
              17       58 -0.192272483977E-07
              17       59 -0.173456922024E-07
              17       60 -0.156706292725E-07
              17       61 -0.141770078196E-07
              17       62 -0.128430977668E-07
              17       63 -0.116500138211E-07
              17       64 -0.105813121296E-07
              17       65 -0.962264839774E-08
              17       66 -0.876148746871E-08
              17       67 -0.798685609115E-08
              17       68 -0.728913201499E-08
              17       69 -0.665986371278E-08
              17       70 -0.609161597476E-08
              17       71 -0.557783740967E-08
              17       72 -0.511274652965E-08
              17       73 -0.469123363324E-08
              17       74 -0.430877614423E-08
              17       75 -0.396136543337E-08
              17       76 -0.364544345762E-08
              17       77 -0.335784780836E-08
              17       78 -0.309576397490E-08
              17       79 -0.285668380998E-08
              17       80 -0.263836933519E-08
              17       81 -0.243882115179E-08
              17       82 -0.225625082992E-08
              17       83 -0.208905674004E-08
              17       84 -0.193580286720E-08
              17       85 -0.179520021427E-08
              17       86 -0.166609045528E-08
              18        1 -0.864175428857E-02
              18        2 -0.500594533750E-02
              18        3 -0.286188336037E-02
              18        4 -0.158793919329E-02
              18        5 -0.836932663016E-03
              18        6 -0.403286598700E-03
              18        7 -0.162093488534E-03
              18        8 -0.357692844537E-04
              18        9  0.239748924621E-04
              18       10  0.468384859321E-04
              18       11  0.506086642569E-04
              18       12  0.455491142866E-04
              18       13  0.372791716916E-04
              18       14  0.286588165125E-04
              18       15  0.209846703077E-04
              18       16  0.147127053594E-04
              18       17  0.986896686336E-05
              18       18  0.630290007473E-05
              18       19  0.374746485630E-05
              18       20  0.199818210566E-05
              18       21  0.835039483352E-06
              18       22  0.929125911899E-07
              18       23 -0.357374010594E-06
              18       24 -0.611862751706E-06
              18       25 -0.735122408494E-06
              18       26 -0.775836731879E-06
              18       27 -0.766707785231E-06
              18       28 -0.730447814182E-06
              18       29 -0.675871058700E-06
              18       30 -0.611693805789E-06
              18       31 -0.546968273491E-06
              18       32 -0.487135168393E-06
              18       33 -0.431827148076E-06
              18       34 -0.381226050053E-06
              18       35 -0.335737079887E-06
              18       36 -0.295383287220E-06
              18       37 -0.259477114529E-06
              18       38 -0.227702577013E-06
              18       39 -0.199866660032E-06
              18       40 -0.175616930274E-06
              18       41 -0.154394267059E-06
              18       42 -0.135811542435E-06
              18       43 -0.119395155661E-06
              18       44 -0.103591487565E-06
              18       45 -0.913249096077E-07
              18       46 -0.820048434505E-07
              18       47 -0.726602795910E-07
              18       48 -0.644202975303E-07
              18       49 -0.572273218553E-07
              18       50 -0.509344504214E-07
              18       51 -0.454172793032E-07
              18       52 -0.405701767615E-07
              18       53 -0.363032193784E-07
              18       54 -0.325396649034E-07
              18       55 -0.292138615545E-07
              18       56 -0.262695133786E-07
              18       57 -0.236582369833E-07
              18       58 -0.213383574200E-07
              18       59 -0.192739009291E-07
              18       60 -0.174337501938E-07
              18       61 -0.157909341122E-07
              18       62 -0.143220292179E-07
              18       63 -0.130066540026E-07
              18       64 -0.118270407440E-07
              18       65 -0.107676721460E-07
              18       66 -0.981497231135E-08
              18       67 -0.895704336359E-08
              18       68 -0.818344051353E-08
              18       69 -0.748497957033E-08
              18       70 -0.685357189516E-08
              18       71 -0.628208261406E-08
              18       72 -0.576420858507E-08
              18       73 -0.529437317612E-08
              18       74 -0.486763537669E-08
              18       75 -0.447961115459E-08
              18       76 -0.412640529270E-08
              18       77 -0.380455221150E-08
              18       78 -0.351096450961E-08
              18       79 -0.324288814517E-08
              18       80 -0.299786334066E-08
              18       81 -0.277369042883E-08
              18       82 -0.256839997106E-08
              18       83 -0.238022657602E-08
              18       84 -0.220758592791E-08
              18       85 -0.204905460291E-08
              18       86 -0.190335231135E-08
              19        1  0.667478150284E-01
              19        2  0.432629545759E-01
              19        3  0.276944356974E-01
              19        4  0.174454062259E-01
              19        5  0.107645246706E-01
              19        6  0.646216265372E-02
              19        7  0.373254668590E-02
              19        8  0.203194623362E-02
              19        9  0.996321618413E-03
              19       10  0.384328361851E-03
              19       11  0.377989813617E-04
              19       12 -0.145607133446E-03
              19       13 -0.231211869229E-03
              19       14 -0.260099080176E-03
              19       15 -0.257672918651E-03
              19       16 -0.239306179337E-03
              19       17 -0.214113312651E-03
              19       18 -0.187214650606E-03
              19       19 -0.161172082430E-03
              19       20 -0.137549600261E-03
              19       21 -0.116737605272E-03
              19       22 -0.987911464824E-04
              19       23 -0.835099359802E-04
              19       24 -0.706220346704E-04
              19       25 -0.598104250268E-04
              19       26 -0.507616552761E-04
              19       27 -0.431859320151E-04
              19       28 -0.368362825313E-04
              19       29 -0.315319802069E-04
              19       30 -0.271006256365E-04
              19       31 -0.233712015648E-04
              19       32 -0.202093187627E-04
              19       33 -0.175332726648E-04
              19       34 -0.152671151494E-04
              19       35 -0.133356862778E-04
              19       36 -0.116801374507E-04
              19       37 -0.102622922994E-04
              19       38 -0.904596079905E-05
              19       39 -0.799542801419E-05
              19       40 -0.708325548924E-05
              19       41 -0.629140499519E-05
              19       42 -0.560262134011E-05
              19       43 -0.499971435293E-05
              19       44 -0.446889982351E-05
              19       45 -0.400750108588E-05
              19       46 -0.360162408905E-05
              19       47 -0.324032523173E-05
              19       48 -0.292025299692E-05
              19       49 -0.263626748940E-05
              19       50 -0.238381150880E-05
              19       51 -0.215896319500E-05
              19       52 -0.195833935878E-05
              19       53 -0.177901471644E-05
              19       54 -0.161845422080E-05
              19       55 -0.147445620974E-05
              19       56 -0.134510451567E-05
              19       57 -0.122872801977E-05
              19       58 -0.112386640811E-05
              19       59 -0.102924110818E-05
              19       60 -0.943730564089E-06
              19       61 -0.866349154428E-06
              19       62 -0.796229176129E-06
              19       63 -0.732605415074E-06
              19       64 -0.674801904194E-06
              19       65 -0.622220535628E-06
              19       66 -0.574331247796E-06
              19       67 -0.530663553137E-06
              19       68 -0.490799209495E-06
              19       69 -0.454365869072E-06
              19       70 -0.421031564652E-06
              19       71 -0.390499914310E-06
              19       72 -0.362505943855E-06
              19       73 -0.336812441341E-06
              19       74 -0.313206770704E-06
              19       75 -0.291498082263E-06
              19       76 -0.271514866861E-06
              19       77 -0.253102808059E-06
              19       78 -0.236122893262E-06
              19       79 -0.220449750151E-06
              19       80 -0.205970179474E-06
              19       81 -0.192581859217E-06
              19       82 -0.180192198598E-06
              19       83 -0.168717323196E-06
              19       84 -0.158081175068E-06
              19       85 -0.148214713789E-06
              19       86 -0.139055206227E-06
              20        1  0.706193767715E-01
              20        2  0.455270740067E-01
              20        3  0.289925820725E-01
              20        4  0.181633880715E-01
              20        5  0.111389885735E-01
              20        6  0.663850664000E-02
              20        7  0.379934732327E-02
              20        8  0.204207346837E-02
              20        9  0.980323868893E-03
              20       10  0.359024576065E-03
              20       11  0.117952895227E-04
              20       12 -0.168433215256E-03
              20       13 -0.249567211744E-03
              20       14 -0.273992537818E-03
              20       15 -0.267684791390E-03
              20       16 -0.246194727383E-03
              20       17 -0.218621384396E-03
              20       18 -0.189987381435E-03
              20       19 -0.162717953901E-03
              20       20 -0.138270019263E-03
              20       21 -0.116919586413E-03
              20       22 -0.986389853644E-04
              20       23 -0.831640300133E-04
              20       24 -0.701758431044E-04
              20       25 -0.593251694459E-04
              20       26 -0.502749076849E-04
              20       27 -0.427194620778E-04
              20       28 -0.364011974712E-04
              20       29 -0.311352570097E-04
              20       30 -0.267451346879E-04
              20       31 -0.230555508491E-04
              20       32 -0.199298120828E-04
              20       33 -0.172866211657E-04
              20       34 -0.150500761666E-04
              20       35 -0.131449501033E-04
              20       36 -0.115125893451E-04
              20       37 -0.101152695930E-04
              20       38 -0.891701284222E-05
              20       39 -0.788225434193E-05
              20       40 -0.698382031483E-05
              20       41 -0.620399209417E-05
              20       42 -0.552572501702E-05
              20       43 -0.493210455682E-05
              20       44 -0.441025006416E-05
              20       45 -0.395575112639E-05
              20       46 -0.355512847303E-05
              20       47 -0.319914074605E-05
              20       48 -0.288375652349E-05
              20       49 -0.260386110643E-05
              20       50 -0.235498150335E-05
              20       51 -0.213326711777E-05
              20       52 -0.193539523080E-05
              20       53 -0.175849200385E-05
              20       54 -0.160006626699E-05
              20       55 -0.145795387203E-05
              20       56 -0.133027080083E-05
              20       57 -0.121537354991E-05
              20       58 -0.111182557892E-05
              20       59 -0.101836882596E-05
              20       60 -0.933899467820E-06
              20       61 -0.857447245423E-06
              20       62 -0.788157790994E-06
              20       63 -0.725277488503E-06
              20       64 -0.668140477046E-06
              20       65 -0.616157471047E-06
              20       66 -0.568806124156E-06
              20       67 -0.525622707630E-06
              20       68 -0.486194910290E-06
              20       69 -0.450155597464E-06
              20       70 -0.417177391458E-06
              20       71 -0.386967957202E-06
              20       72 -0.359265894320E-06
              20       73 -0.333837151647E-06
              20       74 -0.310471892679E-06
              20       75 -0.288981750886E-06
              20       76 -0.269197422675E-06
              20       77 -0.250966553280E-06
              20       78 -0.234151877172E-06
              20       79 -0.218629579990E-06
              20       80 -0.204287853566E-06
              20       81 -0.191025619513E-06
              20       82 -0.178751400195E-06
              20       83 -0.167382318740E-06
              20       84 -0.156843212191E-06
              20       85 -0.147065844013E-06
              20       86 -0.137988203941E-06
