R_Bohr           v_0_0_0_0             v_0_0_2_2             v_0_0_4_4             v_1_0_0_1             v_1_0_2_1             v_1_0_2_2             v_1_0_2_3             v_2_0_0_2             v_2_0_2_0             v_2_0_2_1             v_2_0_2_2             v_2_0_2_3             v_2_0_2_4             v_3_0_0_3             v_3_0_2_1             v_3_0_2_2             v_3_0_2_3             v_3_0_2_4             v_3_0_2_5             v_3_3_0_3             v_3_3_2_1             v_3_3_2_2             v_3_3_2_3             v_3_3_2_4             v_3_3_2_5             v_4_0_0_4             v_4_0_2_2             v_4_0_2_3             v_4_0_2_4             v_4_0_2_5             v_4_0_2_6             v_4_3_0_4             v_4_3_2_2             v_4_3_2_3             v_4_3_2_4             v_4_3_2_5             v_4_3_2_6   
 13.62 -0.172686150705E+02   -0.867483927842E+00   -0.382581184514E-02   -0.308856951002E+00   -0.144868676228E-01    0.000000000000E+00   -0.225487173839E+02   -0.491689373501E+00   -0.772294937505E-02    0.189133925967E-15   -0.268734854104E-01   -0.116571683299E-15   -0.116154750866E+02   -0.414779173587E+00   -0.114208590072E-01    0.522294438120E-17    0.312643643469E-02   -0.220444863832E-17    0.923964081187E+00    0.266528680819E+00    0.672981183740E-02    0.251767058709E-02   -0.489650030767E-02    0.446330235138E-02   -0.164051014197E+01   -0.115205144787E-01   -0.102417938684E-01   -0.173707449778E-17    0.309701522630E-02    0.227781403618E-16    0.154137282845E+00   -0.580212173056E-01    0.138557966016E-02    0.169751992084E-02   -0.168565911376E-02   -0.175141669670E-02    0.276119370950E+00   
 13.87 -0.153789378450E+02   -0.765103894186E+00   -0.279824341458E-02   -0.272682881351E+00   -0.137190070156E-01    0.000000000000E+00   -0.209509421153E+02   -0.432510179853E+00   -0.664934269398E-02    0.173823518188E-15   -0.226600483847E-01   -0.107053355153E-15   -0.105957114775E+02   -0.360855156878E+00   -0.104101532628E-01    0.432667629209E-17    0.295225013426E-02   -0.143433064096E-17    0.829541495637E+00    0.230302108782E+00    0.569780759361E-02    0.203329505183E-02   -0.405076268851E-02    0.382781763367E-02   -0.147094104309E+01   -0.101590712732E-01   -0.938355858190E-02   -0.173581902333E-17    0.316837490553E-02    0.206991019479E-16    0.135829736814E+00   -0.494242428946E-01    0.111959899362E-02    0.125934605957E-02   -0.127766820649E-02   -0.126434294835E-02    0.242833670621E+00   
 14.12 -0.137249350027E+02   -0.676742780681E+00   -0.241863003163E-02   -0.241858732684E+00   -0.127905613567E-01    0.000000000000E+00   -0.194918552632E+02   -0.380229981360E+00   -0.570294520445E-02    0.159997039114E-15   -0.190690289999E-01   -0.984574479451E-16   -0.968115692893E+01   -0.315024938359E+00   -0.947343845071E-02    0.356898952641E-17    0.274102373482E-02   -0.793701978959E-18    0.746478300901E+00    0.199546173502E+00    0.473840382206E-02    0.164003946977E-02   -0.321880610919E-02    0.322614353716E-02   -0.132127345424E+01   -0.897979195593E-02   -0.850794638643E-02   -0.172029229173E-17    0.323946593555E-02    0.188451026299E-16    0.119367635983E+00   -0.421791189142E-01    0.971731709588E-03    0.894585891426E-03   -0.987564570730E-03   -0.859152521126E-03    0.214062940914E+00   
 14.38 -0.122694772970E+02   -0.598837293269E+00   -0.740893982716E-02   -0.226446290048E+00   -0.863254788559E-02    0.000000000000E+00   -0.181566746605E+02   -0.329901068161E+00   -0.349033686854E-02    0.147299707238E-15   -0.132019306446E-01   -0.905271402075E-16   -0.885881120652E+01   -0.275927367354E+00   -0.726676310498E-02    0.285909766261E-17    0.120770817189E-02   -0.203762734951E-18    0.679191134148E+00    0.171572720165E+00    0.312201680683E-02    0.112276306578E-02   -0.177010330298E-02    0.206615831306E-02   -0.118890085243E+01   -0.772801843781E-02   -0.704195508493E-02   -0.173273961108E-17    0.296757653776E-02    0.175985221535E-16    0.846594762308E-01   -0.276637831918E-01    0.930832103549E-03    0.548562255366E-03   -0.731857697240E-03   -0.388348816099E-03    0.189784076259E+00   
 14.63 -0.110034397096E+02   -0.532358032004E+00   -0.651811173645E-02   -0.230130619731E+00    0.573840368722E-03    0.000000000000E+00   -0.169361060315E+02   -0.290836495715E+00   -0.576364630374E-03    0.135534800169E-15   -0.358344181040E-02   -0.831585562434E-16   -0.811901334872E+01   -0.241350513039E+00   -0.213790344563E-02    0.221454726328E-17   -0.261580299071E-03    0.323464858879E-18    0.613261136347E+00    0.150175262372E+00    0.761213253904E-03    0.328726102088E-03   -0.247274793859E-03    0.518856494708E-03   -0.107222580460E+01   -0.707409137289E-02   -0.287207688590E-02   -0.174616746158E-17    0.108594128952E-02    0.168823542115E-16    0.363411361588E-01   -0.449068518891E-02    0.418020811335E-03    0.175918568634E-03   -0.220235548270E-03   -0.150008225990E-04    0.168290526270E+00   
 14.88 -0.988899740768E+01   -0.475327084756E+00   -0.501791334508E-03   -0.215808460805E+00    0.377586030967E-02    0.000000000000E+00   -0.158169517444E+02   -0.261155487623E+00   -0.124422044859E-04    0.125211627554E-15   -0.151066250719E-03   -0.767380340617E-16   -0.745373719437E+01   -0.212734614657E+00   -0.912082371030E-05    0.175849927240E-17   -0.797936281852E-04    0.685490301855E-18    0.550190771405E+00    0.133107608748E+00    0.213074152733E-04    0.993048355808E-05    0.375192500833E-06    0.879602834722E-04   -0.968736104611E+00   -0.650820192058E-02   -0.745418746440E-03   -0.169704621732E-17    0.381371655808E-03    0.156566304539E-16    0.207216878700E-01    0.268428552322E-02    0.922538673889E-04    0.245311381851E-04   -0.484002802419E-04   -0.143686324846E-04    0.149080345125E+00   
 15.14 -0.889760833688E+01   -0.424241572420E+00   -0.419491932955E-04   -0.191328585519E+00    0.340177652140E-02    0.000000000000E+00   -0.147879057863E+02   -0.231396463294E+00   -0.174472956718E-04    0.115986064609E-15   -0.620009121725E-04   -0.710155631137E-16   -0.685202688978E+01   -0.187607972915E+00    0.390735873239E-04    0.140031627966E-17   -0.329640055578E-04    0.961437162677E-18    0.498383825897E+00    0.116818558320E+00    0.538936339268E-05   -0.150359807315E-05   -0.312768784638E-05    0.711832375555E-04   -0.876564593915E+00   -0.569191959909E-02   -0.623708670978E-03   -0.163572785077E-17    0.361666530476E-03    0.143233968627E-16    0.181824568122E-01    0.245933256533E-02    0.720996938048E-04    0.155213660641E-04   -0.439598490523E-04   -0.193940755017E-04    0.132644220571E+00   
 15.39 -0.801933299369E+01   -0.379293358966E+00   -0.374851297695E-04   -0.169566752929E+00    0.299125251567E-02    0.000000000000E+00   -0.138411862587E+02   -0.205155128728E+00   -0.149314498884E-04    0.107581334972E-15   -0.591713535839E-04   -0.658051420905E-16   -0.630754310255E+01   -0.165668044953E+00    0.356037205594E-04    0.109795067863E-17   -0.300078752635E-04    0.118492719765E-17    0.452437127138E+00    0.102670011160E+00    0.483054383269E-05   -0.134289401102E-05   -0.280609038963E-05    0.634590686548E-04   -0.794468819474E+00   -0.494497245498E-02   -0.571764850472E-03   -0.157322483135E-17    0.331409211758E-03    0.131197152589E-16    0.162255352407E-01    0.212594076327E-02    0.643156517993E-04    0.139194903968E-04   -0.392106205967E-04   -0.172582281162E-04    0.118266332139E+00   
 15.64 -0.724001026970E+01   -0.339726930974E+00   -0.335574467409E-04   -0.150576864506E+00    0.263578117615E-02    0.000000000000E+00   -0.129690880377E+02   -0.182248127253E+00   -0.128017649389E-04    0.999107644992E-16   -0.563303766217E-04   -0.610524283186E-16   -0.581416987407E+01   -0.146591626335E+00    0.324906467005E-04    0.842661495047E-18   -0.273579851390E-04    0.136420687646E-17    0.411373793162E+00    0.904252150704E-01    0.433840809002E-05   -0.120151061018E-05   -0.252257281389E-05    0.566790232180E-04   -0.721217236892E+00   -0.430592915510E-02   -0.524946317103E-03   -0.151013077786E-17    0.304151328054E-03    0.120344529932E-16    0.145060448379E-01    0.184211434193E-02    0.574780602850E-04    0.125079546476E-04   -0.350392476622E-04   -0.153908507235E-04    0.105644357058E+00   
 15.89 -0.654715270828E+01   -0.304825989055E+00   -0.300945462154E-04   -0.133969197152E+00    0.232726244322E-02    0.000000000000E+00   -0.121646582550E+02   -0.162207629171E+00   -0.109947782569E-04    0.928997830205E-16   -0.535193760066E-04   -0.567109029122E-16   -0.536639593267E+01   -0.129967313382E+00    0.296929534241E-04    0.627303002863E-18   -0.249786045803E-04    0.150624507663E-17    0.374608097707E+00    0.798032047422E-01    0.390400092954E-05   -0.107687600187E-05   -0.227205717277E-05    0.507151458067E-04   -0.655736418678E+00   -0.375781770964E-02   -0.482670966585E-03   -0.144721965673E-17    0.279550617974E-03    0.110543005446E-16    0.129920206861E-01    0.159985430927E-02    0.514593492856E-04    0.112612942491E-04   -0.313677859702E-04   -0.137542459116E-04    0.945404784089E-01   
 16.15 -0.593001256411E+01   -0.273978856168E+00   -0.270353133380E-04   -0.119413817924E+00    0.205889046876E-02    0.000000000000E+00   -0.114216887425E+02   -0.144637453398E+00   -0.945817400276E-05    0.864824124166E-16   -0.507683981902E-04   -0.527393885466E-16   -0.495937888547E+01   -0.115448058427E+00    0.271745553405E-04    0.445852288516E-18   -0.228386121995E-04    0.161692103444E-17    0.341632327609E+00    0.705680327412E-01    0.351969796179E-05   -0.966792701182E-06   -0.205021536534E-05    0.454584728592E-04   -0.597097418757E+00   -0.328654682925E-02   -0.444431201616E-03   -0.138508372450E-17    0.257308831979E-03    0.101676256880E-16    0.116562138433E-01    0.139255123699E-02    0.461507755685E-04    0.101578162633E-04   -0.281298029044E-04   -0.123165365896E-04    0.847521591146E-01   
 16.40 -0.537931728632E+01   -0.246661880526E+00   -0.243274498848E-04   -0.106630667330E+00    0.182493094324E-02    0.000000000000E+00   -0.107346261934E+02   -0.129201201408E+00   -0.814869872114E-05    0.806001637396E-16   -0.480987402229E-04   -0.491013685627E-16   -0.458885525777E+01   -0.102740305796E+00    0.249039452758E-04    0.293223470557E-18   -0.209108477825E-04    0.170120153473E-17    0.312005389524E+00    0.625210042049E-01    0.317898961994E-05   -0.869378602358E-06   -0.185334812022E-05    0.408159761379E-04   -0.544494471472E+00   -0.288038218293E-02   -0.409783356481E-03   -0.132416996520E-17    0.237165456944E-03    0.936423991876E-17    0.104753364736E-01    0.121472723128E-02    0.414594106865E-04    0.917898897111E-05   -0.252685343947E-04   -0.110506897356E-04    0.761064662265E-01   
 16.65 -0.488704848883E+01   -0.222425674108E+00   -0.219260929973E-04   -0.953814071703E-01    0.162053938867E-02    0.000000000000E+00   -0.100984943429E+02   -0.115612499947E+00   -0.703049018378E-05    0.752010898787E-16   -0.455249713635E-04   -0.457644011291E-16   -0.425106377783E+01   -0.915950923383E-01    0.228535591935E-04    0.165114428772E-18   -0.191715625154E-04    0.176328773459E-17    0.285343222708E+00    0.554943435057E-01    0.287630304034E-05   -0.783017959775E-06   -0.167828509477E-05    0.367080352292E-04   -0.497227096325E+00   -0.252952402026E-02   -0.378338765182E-03   -0.126480937086E-17    0.218892420336E-03    0.863520040512E-17    0.942943699206E-02    0.106182881745E-02    0.373056471209E-04    0.830893828990E-05   -0.227353591036E-04   -0.993371635824E-05    0.684553773347E-01   
 16.91 -0.444625673682E+01   -0.200883668687E+00   -0.197926669500E-04   -0.854626982457E-01    0.144161240601E-02    0.000000000000E+00   -0.950882640601E+01   -0.103626952963E+00   -0.607373291451E-05    0.702389699305E-16   -0.430565071184E-04   -0.426996140844E-16   -0.394267979309E+01   -0.818007343227E-01    0.209992363943E-04    0.578800279013E-19   -0.175999513497E-04    0.180673712131E-17    0.261310709658E+00    0.493460122462E-01    0.260685471891E-05   -0.706320553685E-06   -0.152230215577E-05    0.330663412823E-04   -0.454685022715E+00   -0.222576538494E-02   -0.349756196341E-03   -0.120724049699E-17    0.202289608295E-03    0.797264162047E-17    0.850138129410E-02    0.930060117335E-03    0.336211273555E-04    0.753403097628E-05   -0.204885315811E-04   -0.894601370715E-05    0.616718875494E-01   
 17.16 -0.405090592070E+01   -0.181702571898E+00   -0.178939259211E-04   -0.767006405539E-01    0.128466552360E-02    0.000000000000E+00   -0.896160629164E+01   -0.930354834985E-01   -0.525357297591E-05    0.656726053679E-16   -0.406988356316E-04   -0.398812684157E-16   -0.366075906639E+01   -0.731767995974E-01    0.193197596516E-04   -0.315730046433E-19   -0.161777545410E-04    0.183456505264E-17    0.239614832677E+00    0.439554561091E-01    0.236652824193E-05   -0.638087580295E-06   -0.138305265936E-05    0.298321533771E-04   -0.416335456589E+00   -0.196221463433E-02   -0.323735428062E-03   -0.115162842903E-17    0.187181062000E-03    0.736963184282E-17    0.767642081966E-02    0.816248030031E-03    0.303470192716E-04    0.684252856754E-05   -0.184921274374E-04   -0.807082270628E-05    0.556467711538E-01   
 17.41 -0.369574214386E+01   -0.164594385870E+00   -0.162011537712E-04   -0.689461615972E-01    0.114673258752E-02    0.000000000000E+00   -0.845321734359E+01   -0.836588094967E-01   -0.454923923689E-05    0.614652113422E-16   -0.384544731239E-04   -0.372863802633E-16   -0.340268949753E+01   -0.655691244612E-01    0.177964625178E-04   -0.105873454680E-18   -0.148889174244E-04    0.184932948769E-17    0.219998869699E+00    0.392201035498E-01    0.215177251120E-05   -0.577283087040E-06   -0.125851019103E-05    0.269548441349E-04   -0.381712297499E+00   -0.173306944845E-02   -0.300011776579E-03   -0.109808006313E-17    0.173411741088E-03    0.682005054557E-17    0.694183191272E-02    0.717732922580E-03    0.274325759900E-04    0.622429918017E-05   -0.167151626255E-04   -0.729377904582E-05    0.502858802709E-01   
 17.66 -0.337618297869E+01   -0.149309714644E+00   -0.146894932826E-04   -0.620711803625E-01    0.102528265380E-02    0.000000000000E+00   -0.798039755135E+01   -0.753428475163E-01   -0.394332962959E-05    0.575838891337E-16   -0.363237080625E-04   -0.348943929402E-16   -0.316614955786E+01   -0.588456823725E-01    0.164128934623E-04   -0.167258414569E-18   -0.137192993001E-04    0.185320184347E-17    0.202237459398E+00    0.350524750018E-01    0.195951678063E-05   -0.523009989840E-06   -0.114692071369E-05    0.243906832873E-04   -0.350406984538E+00   -0.153343220571E-02   -0.278351424970E-03   -0.104665642174E-17    0.160844762338E-03    0.631848338694E-17    0.628661389356E-02    0.632279724178E-03    0.248339300297E-04    0.567057678199E-05   -0.151308561240E-04   -0.660254064909E-05    0.455078853553E-01   
 17.92 -0.308822369280E+01   -0.135632137669E+00   -0.133373824497E-04   -0.559654077940E-01    0.918151143479E-03    0.000000000000E+00   -0.754020033594E+01   -0.679548780613E-01   -0.342122969964E-05    0.539991679793E-16   -0.343051802441E-04   -0.326868917861E-16   -0.294907242518E+01   -0.528931493570E-01    0.151545277973E-04   -0.217634062941E-18   -0.126564238201E-04    0.184802637174E-17    0.186132395316E+00    0.313777893747E-01    0.178709952060E-05   -0.474489887536E-06   -0.104676246477E-05    0.221018175851E-04   -0.322060706251E+00   -0.135915870127E-02   -0.258547425168E-03   -0.997382579667E-18    0.149359038027E-03    0.586013206267E-17    0.570123562090E-02    0.558005394310E-03    0.225130810356E-04    0.517375954048E-05   -0.137160110627E-04   -0.598647761449E-05    0.412423802521E-01   
 18.17 -0.282835765256E+01   -0.123373467583E+00   -0.121260795345E-04   -0.505336710766E-01    0.823482656365E-03    0.000000000000E+00   -0.712996014966E+01   -0.613803378406E-01   -0.297063755455E-05    0.506846063491E-16   -0.323963307140E-04   -0.306473557854E-16   -0.274961497083E+01   -0.476140409165E-01    0.140085203206E-04   -0.258626522657E-18   -0.116892646327E-04    0.183537001474E-17    0.171509032978E+00    0.281319768393E-01    0.163220869553E-05   -0.431046032167E-06   -0.956712251486E-06    0.200554131635E-04   -0.296357755708E+00   -0.120673382590E-02   -0.240416267801E-03   -0.950255661869E-18    0.138847251072E-03    0.544073674347E-17    0.517742221421E-02    0.493319573466E-03    0.204370438608E-04    0.472724043516E-05   -0.124504939547E-04   -0.543641343420E-05    0.374282889226E-01   
 18.42 -0.259350860137E+01   -0.112369743475E+00   -0.110392619258E-04   -0.456936702137E-01    0.739683342275E-03    0.000000000000E+00   -0.674726224162E+01   -0.555201295604E-01   -0.258117461909E-05    0.476164442761E-16   -0.305937504541E-04   -0.287609408017E-16   -0.256613088629E+01   -0.429243190862E-01    0.129634922680E-04   -0.291624504921E-18   -0.108080608660E-04    0.181656434620E-17    0.158213213708E+00    0.252600245247E-01    0.149283148671E-05   -0.392088927541E-06   -0.875617050659E-06    0.182229326916E-04   -0.273019849447E+00   -0.107316911187E-02   -0.223794932415E-03   -0.905251283164E-18    0.129214114928E-03    0.505650919403E-17    0.470797512751E-02    0.436875880477E-03    0.185771298435E-04    0.432526458621E-05   -0.113167954027E-04   -0.494440840299E-05    0.340125224767E-01   
