The properties of individual trajectories in the Monte Carlo sample.
  itraj   ini_st      j12      m12     parity   l_orb    weight
      1        1        0        0        1       87        1
      2        1        0        0        1       50        1
      3        1        0        0        1       45        1
      4        1        0        0        1        5        1
      5        1        0        0        1       95        1
      6        1        0        0        1      110        1
      7        1        0        0        1      213        1
      8        1        0        0        1       66        1
      9        1        0        0        1      227        1
     10        1        0        0        1      247        1
     11        1        0        0        1      205        1
     12        1        0        0        1       63        1
     13        1        0        0        1      191        1
     14        1        0        0        1      249        1
     15        1        0        0        1      132        1
     16        1        0        0        1      200        1
     17        1        0        0        1      123        1
     18        1        0        0        1        4        1
     19        1        0        0        1      176        1
     20        1        0        0        1      190        1
     21        1        0        0        1      113        1
     22        1        0        0        1       94        1
     23        1        0        0        1      121        1
     24        1        0        0        1      244        1
     25        1        0        0        1      151        1
     26        1        0        0        1      170        1
     27        1        0        0        1       14        1
     28        1        0        0        1      226        1
     29        1        0        0        1       99        1
     30        1        0        0        1      188        1
     31        1        0        0        1       41        1
     32        1        0        0        1      233        1
     33        1        0        0        1      120        1
     34        1        0        0        1      116        1
     35        1        0        0        1      187        1
     36        1        0        0        1      165        1
     37        1        0        0        1      220        1
     38        1        0        0        1       34        1
     39        1        0        0        1       49        1
     40        1        0        0        1      217        1
     41        1        0        0        1       98        1
     42        1        0        0        1      222        1
     43        1        0        0        1      230        1
     44        1        0        0        1      212        1
     45        1        0        0        1       43        1
     46        1        0        0        1      141        1
     47        1        0        0        1       90        1
     48        1        0        0        1      118        1
     49        1        0        0        1      104        1
     50        1        0        0        1      210        1
