               4        1  0.566414516306E-01
               4        2  0.480711314937E-01
               4        3  0.399452696144E-01
               4        4  0.325647246384E-01
               4        5  0.260809870872E-01
               4        6  0.205392756840E-01
               4        7  0.159134570038E-01
               4        8  0.121332846294E-01
               4        9  0.910479522798E-02
               4       10  0.672488022080E-02
               4       11  0.489110724938E-02
               4       12  0.350782888699E-02
               4       13  0.248951756311E-02
               4       14  0.176213173757E-02
               4       15  0.126317020186E-02
               4       16  0.940924947918E-03
               4       17  0.753309245888E-03
               4       18  0.666522873810E-03
               4       19  0.653723630668E-03
               4       20  0.693803339934E-03
               4       21  0.770315594369E-03
               4       22  0.870568460876E-03
               4       23  0.984874742763E-03
               4       24  0.110594169813E-02
               4       25  0.122837820975E-02
               4       26  0.134829771316E-02
               4       27  0.146299774768E-02
               4       28  0.157070042104E-02
               4       29  0.167034150392E-02
               4       30  0.176139882786E-02
               4       31  0.184375297035E-02
               4       32  0.191757487749E-02
               4       33  0.198323620363E-02
               4       34  0.204123887778E-02
               4       35  0.209216087957E-02
               4       36  0.213661553469E-02
               4       37  0.217522190296E-02
               4       38  0.220858407939E-02
               4       39  0.223727748226E-02
               4       40  0.226184046626E-02
               4       41  0.228276986703E-02
               4       42  0.230051934390E-02
               4       43  0.231549962997E-02
               4       44  0.232808001361E-02
               4       45  0.233859055789E-02
               4       46  0.234732471220E-02
               4       47  0.235454208574E-02
               4       48  0.236047123742E-02
               4       49  0.236531239711E-02
               4       50  0.236924007312E-02
               4       51  0.237240552566E-02
               4       52  0.237493909984E-02
               4       53  0.237695241855E-02
               4       54  0.237854043780E-02
               4       55  0.237978336689E-02
               4       56  0.238074845505E-02
               4       57  0.238149164487E-02
               4       58  0.238205909261E-02
               4       59  0.238248855523E-02
               4       60  0.238281064484E-02
               4       61  0.238304995246E-02
               4       62  0.238322604429E-02
               4       63  0.238335433544E-02
               4       64  0.238344684745E-02
               4       65  0.238351285741E-02
               4       66  0.238355944749E-02
               4       67  0.238359196441E-02
               4       68  0.238361439872E-02
               4       69  0.238362969390E-02
               4       70  0.238363999498E-02
