              12        1  0.227189472053E-02
              12        2  0.195835481896E-02
              12        3  0.163333715108E-02
              12        4  0.132448699103E-02
              12        5  0.104763612083E-02
              12        6  0.810047938403E-03
              12        7  0.613131141365E-03
              12        8  0.454601820095E-03
              12        9  0.330122727941E-03
              12       10  0.234479415653E-03
              12       11  0.162369016164E-03
              12       12  0.108882131274E-03
              12       13  0.697547740737E-04
              12       14  0.414585935480E-04
              12       15  0.211861097391E-04
              12       16  0.677533997965E-05
              12       17 -0.339362055053E-05
              12       18 -0.105079040161E-04
              12       19 -0.154234294102E-04
              12       20 -0.187516092321E-04
              12       21 -0.209287241694E-04
              12       22 -0.222684743461E-04
              12       23 -0.229998923967E-04
              12       24 -0.232935128767E-04
              12       25 -0.232787508347E-04
              12       26 -0.230551153427E-04
              12       27 -0.226993751772E-04
              12       28 -0.222702459819E-04
              12       29 -0.218116691698E-04
              12       30 -0.213553470453E-04
              12       31 -0.209228993198E-04
              12       32 -0.205278064070E-04
              12       33 -0.201771869074E-04
              12       34 -0.198733991033E-04
              12       35 -0.196154384971E-04
              12       36 -0.194001083542E-04
              12       37 -0.192229551660E-04
              12       38 -0.190789775952E-04
              12       39 -0.189631311221E-04
              12       40 -0.188706594316E-04
              12       41 -0.187972872769E-04
              12       42 -0.187393091782E-04
              12       43 -0.186936049050E-04
              12       44 -0.186576077429E-04
              12       45 -0.186292459109E-04
              12       46 -0.186068721153E-04
              12       47 -0.185891914577E-04
              12       48 -0.185751940340E-04
              12       49 -0.185640956485E-04
              12       50 -0.185552879499E-04
              12       51 -0.185482979585E-04
              12       52 -0.185427561361E-04
              12       53 -0.185383717787E-04
              12       54 -0.185349143924E-04
              12       55 -0.185321997811E-04
              12       56 -0.185300797279E-04
              12       57 -0.185284343455E-04
              12       58 -0.185271663675E-04
              12       59 -0.185261968273E-04
              12       60 -0.185254617208E-04
              12       61 -0.185249093674E-04
              12       62 -0.185244982683E-04
              12       63 -0.185241953409E-04
              12       64 -0.185239744339E-04
              12       65 -0.185238150707E-04
              12       66 -0.185237013830E-04
              12       67 -0.185236212104E-04
              12       68 -0.185235653414E-04
              12       69 -0.185235268818E-04
              12       70 -0.185235007388E-04
