              11        1  0.206863104628E-05
              11        2  0.124535853876E-05
              11        3  0.738066168903E-06
              11        4  0.430373081084E-06
              11        5  0.246692011190E-06
              11        6  0.138819076267E-06
              11        7  0.765415749149E-07
              11        8  0.412384951293E-07
              11        9  0.216222319609E-07
              11       10  0.109642689915E-07
              11       11  0.532238523248E-08
              11       12  0.242836430214E-08
              11       13  0.100234101018E-08
              11       14  0.337475406882E-09
              11       15  0.527833705577E-10
              11       16 -0.512993934456E-10
              11       17 -0.756958292867E-10
              11       18 -0.691539219249E-10
              11       19 -0.537276830739E-10
              11       20 -0.383845265483E-10
              11       21 -0.260404408243E-10
              11       22 -0.170616805700E-10
              11       23 -0.109087189086E-10
              11       24 -0.685504515216E-11
              11       25 -0.425703232468E-11
              11       26 -0.262345940251E-11
              11       27 -0.161005326665E-11
              11       28 -0.986873261007E-12
              11       29 -0.605688447173E-12
              11       30 -0.372401509619E-12
              11       31 -0.229954165554E-12
              11       32 -0.142608554505E-12
              11       33 -0.888833957832E-13
              11       34 -0.554548518094E-13
              11       35 -0.347181015382E-13
              11       36 -0.219782163352E-13
              11       37 -0.139005120625E-13
              11       38 -0.874486558271E-14
              11       39 -0.550575925101E-14
              11       40 -0.346433257549E-14
              11       41 -0.235428103838E-14
              11       42 -0.104576452841E-14
              11       43 -0.950819447084E-15
              11       44 -0.680874099467E-15
              11       45 -0.512189875083E-15
              11       46 -0.417685026453E-15
              11       47 -0.231655386366E-15
              11       48  0.122926876664E-15
              11       49  0.216613084590E-16
              11       50  0.359612762006E-16
              11       51  0.670803426612E-16
              11       52  0.241982314896E-15
              11       53  0.103275541088E-15
              11       54  0.332475070692E-16
              11       55 -0.539966059312E-16
              11       56  0.288884843060E-15
              11       57 -0.228407245642E-16
              11       58  0.379422443693E-16
              11       59  0.922682734310E-16
              11       60 -0.590491408514E-16
              11       61 -0.663859451149E-16
              11       62  0.926276616940E-16
              11       63  0.735920790535E-16
              11       64 -0.176455073720E-15
              11       65 -0.626303737921E-16
              11       66  0.424704877967E-16
              11       67 -0.911672371983E-16
              11       68 -0.312870465107E-16
              11       69 -0.271172159945E-15
              11       70 -0.313689746927E-16
