               3        1  0.799688113367E-05
               3        2  0.471477751445E-05
               3        3  0.272769120414E-05
               3        4  0.154578659712E-05
               3        5  0.855798479820E-06
               3        6  0.461030590273E-06
               3        7  0.240179648048E-06
               3        8  0.119775031102E-06
               3        9  0.561355865063E-07
               3       10  0.237948544840E-07
               3       11  0.821763043817E-08
               3       12  0.130236540005E-08
               3       13 -0.134414345343E-08
               3       14 -0.202626870006E-08
               3       15 -0.190228487450E-08
               3       16 -0.152093570873E-08
               3       17 -0.111918990714E-08
               3       18 -0.782670486483E-09
               3       19 -0.529016620276E-09
               3       20 -0.349212152556E-09
               3       21 -0.226749034356E-09
               3       22 -0.145595438429E-09
               3       23 -0.928274767744E-10
               3       24 -0.589542804879E-10
               3       25 -0.373854138269E-10
               3       26 -0.237112535200E-10
               3       27 -0.150546800841E-10
               3       28 -0.957106534279E-11
               3       29 -0.609182975217E-11
               3       30 -0.387944584354E-11
               3       31 -0.246989212193E-11
               3       32 -0.157042151114E-11
               3       33 -0.996289857455E-12
               3       34 -0.630312005783E-12
               3       35 -0.397714289001E-12
               3       36 -0.249657040446E-12
               3       37 -0.155806137564E-12
               3       38 -0.973000521680E-13
               3       39 -0.606519384909E-13
               3       40 -0.375995586298E-13
               3       41 -0.229133310634E-13
               3       42 -0.138076206808E-13
               3       43 -0.900865119987E-14
               3       44 -0.542734900962E-14
               3       45 -0.313788587368E-14
               3       46 -0.181451329599E-14
               3       47 -0.130511536838E-14
               3       48 -0.587778116148E-15
               3       49 -0.503784021632E-15
               3       50 -0.191832963899E-15
               3       51 -0.123029127810E-15
               3       52 -0.895141527357E-16
               3       53  0.296933146859E-16
               3       54 -0.274404413422E-16
               3       55 -0.155410760072E-15
               3       56  0.475477958005E-16
               3       57 -0.148359790084E-15
               3       58 -0.268727181976E-15
               3       59  0.567813336031E-16
               3       60 -0.237127428349E-16
               3       61  0.105926701653E-16
               3       62 -0.589462452357E-16
               3       63  0.105305727874E-15
               3       64 -0.366693113925E-16
               3       65  0.169043526137E-15
               3       66  0.986286433185E-16
               3       67 -0.641638228648E-16
               3       68 -0.136284386052E-15
               3       69 -0.112818664980E-16
               3       70 -0.653882408820E-16
