               6        1  0.212390306877E-02
               6        2  0.173884536978E-02
               6        3  0.139992970388E-02
               6        4  0.110946454838E-02
               6        5  0.866163774702E-03
               6        6  0.666421269477E-03
               6        7  0.505328908953E-03
               6        8  0.377445226702E-03
               6        9  0.277339333907E-03
               6       10  0.199944423615E-03
               6       11  0.140759038575E-03
               6       12  0.959337414034E-04
               6       13  0.622773233407E-04
               6       14  0.372114637049E-04
               6       15  0.186968117121E-04
               6       16  0.514756160900E-05
               6       17 -0.465375450019E-05
               6       18 -0.116340239878E-04
               6       19 -0.164961436466E-04
               6       20 -0.197732715550E-04
               6       21 -0.218712497032E-04
               6       22 -0.231006702044E-04
               6       23 -0.237004772693E-04
               6       24 -0.238550381367E-04
               6       25 -0.237064241146E-04
               6       26 -0.233633341576E-04
               6       27 -0.229077525434E-04
               6       28 -0.224001142759E-04
               6       29 -0.218834868450E-04
               6       30 -0.213870761001E-04
               6       31 -0.209292252980E-04
               6       32 -0.205199906385E-04
               6       33 -0.201633311427E-04
               6       34 -0.198589328357E-04
               6       35 -0.196036856904E-04
               6       36 -0.193928380995E-04
               6       37 -0.192208618926E-04
               6       38 -0.190820675743E-04
               6       39 -0.189710129652E-04
               6       40 -0.188827485319E-04
               6       41 -0.188129398304E-04
               6       42 -0.187579026541E-04
               6       43 -0.187145804419E-04
               6       44 -0.186804872916E-04
               6       45 -0.186536339430E-04
               6       46 -0.186324489037E-04
               6       47 -0.186157026004E-04
               6       48 -0.186024390996E-04
               6       49 -0.185919175263E-04
               6       50 -0.185835636449E-04
               6       51 -0.185769310384E-04
               6       52 -0.185716707490E-04
               6       53 -0.185675080266E-04
               6       54 -0.185642248032E-04
               6       55 -0.185616466299E-04
               6       56 -0.185596330012E-04
               6       57 -0.185580701792E-04
               6       58 -0.185568658341E-04
               6       59 -0.185559449744E-04
               6       60 -0.185552468054E-04
               6       61 -0.185547222293E-04
               6       62 -0.185543318224E-04
               6       63 -0.185540441544E-04
               6       64 -0.185538343831E-04
               6       65 -0.185536830580E-04
               6       66 -0.185535751078E-04
               6       67 -0.185534989821E-04
               6       68 -0.185534459341E-04
               6       69 -0.185534094165E-04
               6       70 -0.185533845935E-04
