               2        1  0.501956537868E-01
               2        2  0.410207360085E-01
               2        3  0.331674068399E-01
               2        4  0.265269266222E-01
               2        5  0.209791702581E-01
               2        6  0.163999565372E-01
               2        7  0.126666145581E-01
               2        8  0.966200089752E-02
               2        9  0.727720301946E-02
               2       10  0.541316729058E-02
               2       11  0.398147865935E-02
               2       12  0.290449804237E-02
               2       13  0.211503670051E-02
               2       14  0.155571766049E-02
               2       15  0.117814509895E-02
               2       16  0.941975387294E-03
               2       17  0.813959362592E-03
               2       18  0.767004946184E-03
               2       19  0.779292625993E-03
               2       20  0.833463375617E-03
               2       21  0.915888911186E-03
               2       22  0.101602728204E-02
               2       23  0.112586211531E-02
               2       24  0.123942087306E-02
               2       25  0.135236577910E-02
               2       26  0.146165025529E-02
               2       27  0.156523348114E-02
               2       28  0.166184583840E-02
               2       29  0.175079837429E-02
               2       30  0.183182991219E-02
               2       31  0.190498599455E-02
               2       32  0.197052442221E-02
               2       33  0.202884273483E-02
               2       34  0.208042354526E-02
               2       35  0.212579418743E-02
               2       36  0.216549765555E-02
               2       37  0.220007229496E-02
               2       38  0.223003814777E-02
               2       39  0.225588825377E-02
               2       40  0.227808355686E-02
               2       41  0.229705036828E-02
               2       42  0.231317959109E-02
               2       43  0.232682711715E-02
               2       44  0.233831497342E-02
               2       45  0.234793292252E-02
               2       46  0.235594031832E-02
               2       47  0.236256808741E-02
               2       48  0.236802075571E-02
               2       49  0.237247847137E-02
               2       50  0.237609899583E-02
               2       51  0.237901964585E-02
               2       52  0.238135917589E-02
               2       53  0.238321959230E-02
               2       54  0.238468789176E-02
               2       55  0.238583771647E-02
               2       56  0.238673091824E-02
               2       57  0.238741902454E-02
               2       58  0.238794459986E-02
               2       59  0.238834249758E-02
               2       60  0.238864099901E-02
               2       61  0.238886283854E-02
               2       62  0.238902611568E-02
               2       63  0.238914509712E-02
               2       64  0.238923091365E-02
               2       65  0.238929215820E-02
               2       66  0.238933539288E-02
               2       67  0.238936557331E-02
               2       68  0.238938639916E-02
               2       69  0.238940060005E-02
               2       70  0.238941016564E-02
