               8        1  0.533614101807E-01
               8        2  0.442050799228E-01
               8        3  0.360999825248E-01
               8        4  0.290746685771E-01
               8        5  0.230988510153E-01
               8        6  0.181031601975E-01
               8        7  0.139949019613E-01
               8        8  0.106701275825E-01
               8        9  0.802245983006E-02
               8       10  0.594918576518E-02
               8       11  0.435513974511E-02
               8       12  0.315487394351E-02
               8       13  0.227356195849E-02
               8       14  0.164701515316E-02
               8       15  0.122112042691E-02
               8       16  0.950938978182E-03
               8       17  0.799642914707E-03
               8       18  0.737412974201E-03
               8       19  0.740377225884E-03
               8       20  0.789637319433E-03
               8       21  0.870404703880E-03
               8       22  0.971252853799E-03
               8       23  0.108348132396E-02
               8       24  0.120058184137E-02
               8       25  0.131779423614E-02
               8       26  0.143173965514E-02
               8       27  0.154011931091E-02
               8       28  0.164146836591E-02
               8       29  0.173495603642E-02
               8       30  0.182022439178E-02
               8       31  0.189725952107E-02
               8       32  0.196628971951E-02
               8       33  0.202770613337E-02
               8       34  0.208200193857E-02
               8       35  0.212972665683E-02
               8       36  0.217145267102E-02
               8       37  0.220775141236E-02
               8       38  0.223917707092E-02
               8       39  0.226625603165E-02
               8       40  0.228948056170E-02
               8       41  0.230930556716E-02
               8       42  0.232614749592E-02
               8       43  0.234038468486E-02
               8       44  0.235235863441E-02
               8       45  0.236237584207E-02
               8       46  0.237070994183E-02
               8       47  0.237760398332E-02
               8       48  0.238327274601E-02
               8       49  0.238790502669E-02
               8       50  0.239166586560E-02
               8       51  0.239469869289E-02
               8       52  0.239712738632E-02
               8       53  0.239905823459E-02
               8       54  0.240058180247E-02
               8       55  0.240177469357E-02
               8       56  0.240270120632E-02
               8       57  0.240341487860E-02
               8       58  0.240395991681E-02
               8       59  0.240437250618E-02
               8       60  0.240468200031E-02
               8       61  0.240491198992E-02
               8       62  0.240508125257E-02
               8       63  0.240520458692E-02
               8       64  0.240529353711E-02
               8       65  0.240535701410E-02
               8       66  0.240540182211E-02
               8       67  0.240543309905E-02
               8       68  0.240545468038E-02
               8       69  0.240546939567E-02
               8       70  0.240547930727E-02
